60763
60763
60630.2
60363.6
60322.7
60084.7
59887.3
59714.2
59502.5
58698.4
58551
58122.2
57868.3
57419
57305
57255.2
57013.7
57013.7
57013.7
57013.7
56953.3
56773.5
56364.6
56185
55990.1
55990.1
55990.1
55935.1
55935.1
55727.1
55652.8
55161.1
54879
54871.2
54533.8
54470.7
54470.7
54202.4
53839.5
53594.7
53211.1
53211.1
53113.7
53113.7
52899.7
52626.3
52626.3
52626.3
52608
52536.9
52251
52251
51994.2
51994.2
51922.1
51867.6
51867.6
51804.1
51804.1
51804.1
51804.1
51804.1
51804.1
51804.1
51804.1
51719.1
51719.1
51719.1
51719.1
51719.1
51719.1
51719.1
51613.9
51410.6
51410.6
51339
51185.5
51117.6
51117.6
50843.7
50843.7
50843.7
50525.7
50493.9
50493.9
50321.5
50170.1
50170.1
50170.1
50170.1
50095.1
50095.1
50095.1
50095.1
49943.8
49943.8
49943.8
49943.8
49787.4
49787.4
49706.1
49641.5
49641.5
49263.1
49263.1
48628.5
48586.8
48586.8
47996.9
47520.9
47520.9
47510.5
47510.5
47122.3
47063.4
47063.4
46966.8
46857.5
46857.5
46857.5
46475.6
46475.6
46405.3
46126.8
46116.6
46116.6
45947.8
45947.8
45947.8
45779.4
45779.4
45779.4
45485.6
45335.1
45292.4
45246.9
45246.9
45246.9
45246.9
45246.9
45246.9
45246.9
45246.9
45246.9
45246.9
44960.1
44515.9
44515.9
44515.9
44515.9
44457.4
44457.4
44331.5
44170.1
44170.1
44164.2
44164.2
44037.6
43899.1
43821.5
43821.5
43805.1
43805.1
43805.1
43785.8
43635.2
43635.2
43635.2
43635.2
43635.2
43483.2
43293.9
43293.9
43293.9
43293.9
43293.9
43274.5
43274.5
43274.5
43238.5
43100.3
43100.3
43100.3
43056.5
43056.5
42959.5
42959.5
42959.5
42959.5
42935.7
42893
42893
42855.8
42695.6
42695.6
42464.3
42271
42271
41900.9
41825.2
41825.2
41825.2
41786.9
41657.4
41657.4
41555.6
41519.7
41519.7
41403.8
41326.4
41326.4
41218.9
41218.9
40905.1
40898.2
40898.2
40532.5
40532.5
40489.4
40489.4
40489
40360.1
40360.1
40068.2
40068.2
40068.2
40066.1
39848.4
39848.4
39848.4
39801.1
39798.2
39647.4
39438.3
39296
39296
39296
39296
39296
39253.7
39054.8
39054.8
39054.8
39054.8
38856.4
38765.4
38645.8
38645.8
38645.8
38645.8
38645.8
38645.8
38645.8
38645.8
38628.8
38628.8
38628.8
38628.8
38509.8
38509.8
38509.8
38351.6
38351.6
38295.6
38295.6
38108.1
38108.1
38108.1
38108.1
38036.8
37927.2
37927.2
37872.9
37872.9
37872.9
37850.5
37850.5
37850.5
37850.5
37850.5
37850.5
37760.1
37721.3
37721.3
37721.3
37721.3
37608.5
37608.5
37608.5
37608.5
37608.5
37389.6
37375.5
37375.5
37265.9
37265.9
36750.5
36696.5
36696.5
36641.5
36531.2
36398.3
36398.3
36398.3
36322.5
36322.5
36322.5
36322.5
36316.4
36274.8
36274.8
36170.3
36117.2
35778.7
35778.7
35755.3
35638.8
35408
35407
35378.7
35378.7
35180.3
35180.3
35068.3
35068.3
35038.7
34877.1
34868.4
34868.4
34868.4
34727.9
34727.9
34504.2
34377.1
34231.9
34231.9
34089.1
34075.7
34072.3
34072.3
34072.3
34072.3
33841.8
33841.8
33841.8
33841.8
33771.3
33771.3
33771.3
33771.3
33550.9
33550.9
33550.9
33550.9
33550.9
33550.9
33544.9
33301.7
33301.7
33301.7
33284.3
33284.3
33284.3
33270.4
33270.4
33270.4
33146.6
33116.1
33112
32987
32937.3
32885.4
32885.4
32885.4
32885.4
32885.4
32849.7
32695
32695
32695
32695
32695
32695
32695
32695
32616.2
32616.2
32616.2
32616.2
32616.2
32616.2
32547
32476.6
32405.3
32258.8
32258.8
32258.8
32258.8
32258.8
32238.6
32202.6
32202.6
32202.6
31949.7
31949.7
31876.9
31876.9
31876.9
31876.9
31876.9
31782.8
31758.2
31758.2
31758.2
31595.4
31595.4
31577.8
31503.8
31500.6
31362.9
31351.8
31303.7
31210.5
31173.6
31173.6
31173.6
31173.6
31010.6
30992.6
30883.1
30883.1
30883.1
30666.5
30611.5
30583.9
30583.9
30367.9
30319.3
30319.3
30235.7
30188.5
30188.5
30188.5
30188.5
30188.5
30180.1
30168.7
30168.7
30168.7
30168.7
30168.7
30168.7
30168.7
30168.7
30051
30051
30051
29950.1
29950.1
29950.1
29950.1
29950.1
29903.7
29903.7
29886.6
29886.6
29886.6
29886.6
29886.6
29886.6
29886.6
29886.6
29886.6
29886.6
29886.6
29886.6
29886.6
29886.6
29886.6
29886.6
29886.6
29798.5
29798.5
29798.5
29612.8
29612.8
29515.3
29515.3
29515.3
29480.1
29480.1
29480.1
29460.8
29460.8
29460.8
29460.8
29460.8
29460.8
29446.4
29446.4
29280.1
29280.1
29280.1
29131.3
29131.3
29096.7
29069
29069
29069
29069
29066
29066
29066
28891.7
28871.8
28871.8
28826.9
28820.9
28816.1
28816.1
28816.1
28745.4
28590
28503.5
28503.5
28503.5
28503.5
28252.7
28237.1
28237.1
28222.5
28189
28189
27900.2
27900.2
27900.2
27754.4
27754.4
27723.1
27485.6
27417.3
27417.3
27380.9
27380.9
27380.9
27288.5
27045
26980.5
26980.5
26980.5
26980.5
26980.5
26893.5
26836.3
26814.7
26814.7
26814.7
26814.7
26814.7
26814.7
26814.7
26814.7
26814.7
26814.7
26789
26789
26789
26743
26743
26743
26623.4
26623.4
26492.1
26395.8
26395.8
26395.8
26365.6
26315.6
26315.6
26315.6
26315.6
26315.6
26265.1
26265.1
26258.2
26258.2
26258.2
26258.2
26258.2
26258.2
26258.2
26258.2
26258.2
26258.2
26258.2
26258.2
26258.2
26258.2
26250.3
26230.5
26011
25827.2
25827.2
25753.1
25753.1
25753.1
25582
25582
25582
25513.5
25513.5
25513.5
25513.5
25414.7
25165.8
25165.8
25139.4
25139.4
25139.4
25139.4
24993.1
24993.1
24953.5
24953.5
24953.5
24953.5
24953.5
24801.5
24780.6
24780.6
24780.6
24780.6
24780.6
24680.2
24680.2
24680.2
24647.4
24647.4
24647.4
24647.4
24609
24597.8
24597.8
24597.8
24597.8
24562.5
24562.5
24562.5
24562.5
24562.5
24562.5
24562.5
24562.5
24484.1
24484.1
24484.1
24484.1
24442.9
24432.6
24432.6
24432.6
24432.6
24432.6
24432.6
24432.6
24422.5
24422.1
24422.1
24422.1
24218.2
24218.2
24218.2
24218.2
24218.2
24218.2
24218.2
24218.2
24194.9
24172.3
24172.3
24172.3
24149.8
24134.7
24134.7
24134.7
24134.7
24134.7
24134.7
24084.3
24084.3
24084.3
24084.3
24084.3
24084.3
24084.3
24084.3
24057.3
24048.6
23835.6
23835.6
23776.5
23650.9
23650.9
23561.6
23481.6
23406.3
23224
22979.5
22979.5
22935.8
22935.8
22935.8
22935.8
22935
22899.3
22899.3
22863.7
22863.7
22802.5
22802.5
22802.5
22802.5
22802.5
22760.3
22760.3
22717.5
22634.6
22622.4
22586.2
22411.2
22411.2
22411.2
22374.7
22374.7
22374.7
22362.7
22362.7
22362.7
22346.2
22346.2
22346.2
22306.5
22306.5
22306.5
22306.5
22224.5
22224.5
22224.5
22224.5
22183.1
22183.1
22183.1
22183.1
22183.1
22169.3
22157.1
22157.1
22022.2
21926.4
21926.1
21877.4
21877.4
21868.3
21868.3
21868.3
21868.3
21831.6
21831.6
21831.6
21687.1
21687.1
21496.9
21492.3
21492.3
21492.3
21492.3
21486.3
21486.3
21486.3
21486.3
21454.4
21454.4
21448.3
21365
21302.8
21302.8
21302.8
21302.8
21302.8
21302.8
21302.8
21302.8
21302.8
21186.8
21186.8
21186.8
21186.8
21186.8
21186.2
21186.2
21169.8
21102.2
21102.2
20952.3
20952.3
20952.3
20948.2
20882
20882
20835.8
20831.7
20761.3
20761.3
20738.4
20738.4
20738.4
20738.4
20738.4
20715
20715
20629.1
20629.1
20629.1
20629.1
20623.5
20580.1
20580.1
20580.1
20580.1
20425.2
20425.2
20425.2
20234.9
20123.5
20085.3
20085.3
20085.3
20085.3
20040.7
20028.1
20028.1
19941
19887.3
19877.9
19844.5
19844.5
19844.5
19844.5
19742.4
19742.4
19742.4
19742.4
19723.7
19723.7
19675.5
19659.4
19659.4
19604.3
19604.3
19604.3
19604.3
19604.3
19506.3
19506.3
19495.2
19395.4
19340.4
19340.4
19127.7
19082.3
18952.3
18833.1
18833.1
18833.1
18833.1
18767.7
18767.7
18755.5
18755.5
18725.4
18725.4
18725.4
18725.4
18705.7
18705.7
18705.7
18705.7
18705.7
18705.7
18705.7
18705.7
18705.7
18705.7
18705.7
18705.7
18705.7
18705.7
18663.4
18663.4
18663.4
18564.8
18540.9
18494.1
18494.1
18409.2
18409.2
18339.9
18339.9
18205.6
18205.6
18187.2
18187.2
18159.4
18132.5
18072.6
18072.6
18072.6
18072.6
18072.6
17997.6
17997.6
17997.6
17911.6
17911.6
17911.6
17911.6
17911.6
17911.6
17825.2
17796
17796
17796
17796
17796
17754.1
17754.1
17723.2
17723.2
17723.2
17723.2
17723.2
17723.2
17657.6
17656.8
17656.8
17607.9
17607.9
17607.9
17607.9
17607.9
17607.9
17607.9
17522
17522
17522
17503.9
17398
17398
17398
17398
17368.6
17335.7
17335.7
17335.7
17335.7
17335.7
17335.7
17221.3
17221.3
17208
17208
17208
17208
17208
17208
17208
17182.6
17182.6
17182.6
17146
17146
17146
17146
17146
17146
17106.2
17106.2
17106.2
17106.2
17106.2
17106.2
17106.2
17106.2
17106.2
17106.2
17106.2
17050.6
17050.6
17019
17019
17019
16988.9
16987.7
16821.2
16821.2
16821.2
16821.2
16800.6
16800.6
16800.6
16640
16591.9
16591.9
16532.6
16499.4
16499.4
16499.4
16499.4
16499.4
16499.4
16453
16453
16409.1
16388
16388
16368.8
16368.8
16368.8
16368.8
16332.1
16332.1
16326.6
16326.6
16326.6
16282.9
16282.9
16282.9
16282.9
16282.9
16282.9
16282.9
16282.9
16266
16262.1
16262.1
16262.1
16262.1
16262.1
16170.4
16170.4
16170.4
16084.6
16084.6
16084.6
16058.4
16058.4
15993.7
15850.2
15850.2
15850.2
15850.2
15850.2
15850.2
15768.2
15722.3
15663.1
15604.7
15604.7
15604.7
15604.7
15604.7
15604.7
15604.7
15544.8
15544.8
15544.8
15544.6
15505.1
15505.1
15505.1
15484.9
15484.9
15484.9
15340.5
15340.5
15340.5
15340.5
15291.9
15291.9
15291.9
15291.9
15291.9
15291.9
15291.9
15291.9
15291.9
15258.6
15258.6
15258.6
15258.6
15258.6
15247.3
15196.9
15188.9
15163.9
15163.9
15147.2
15145.7
15145.7
15080.3
15080.3
15017.3
15017.3
15017.3
15009.6
15009.6
14978.7
14978.7
14951.7
14951.7
14951.7
14894.7
14873.6
14844
14844
14844
14844
14844
14818.8
14745.6
14745.6
14745.6
14624.7
14624.7
14624.7
14624.7
14529.7
14529.7
14529.7
14529.7
14529.7
14529.7
14494.1
14494.1
14494.1
14470
14443.5
14443.5
14443.5
14443.5
14443.5
14443.5
14335.2
14322.8
14322.8
14292.1
14292.1
14221.6
14221.6
14221.6
14221.6
14221.6
14221.6
14207.6
14207.6
14155.7
14112
14112
14112
13928.8
13898.4
13867.8
13867.8
13867.8
13867.8
13867.8
13718.5
13718.5
13718.5
13668.6
13668.6
13647.8
13647.8
13639.9
13639.9
13626.7
13626.7
13624.1
13624.1
13624.1
13611.6
13587
13587
13587
13587
13587
13587
13587
13562.1
13562.1
13562.1
13562.1
13546.5
13504.1
13504.1
13504.1
13504.1
13451.2
13406.7
13406.7
13403.3
13376.3
13376.3
13229.9
13229.9
13156.8
13156.8
13156.8
13144.6
13060.8
13060.8
13060.8
13060.8
13034.2
13034.2
13034.2
13034.2
13034.2
12938.9
12938.9
12908.6
12908.6
12908.6
12908.6
12841.4
12841.4
12841.4
12783.5
12783.5
12783.5
12780.1
12775.9
12775.9
12775.9
12775.9
12775.9
12689.6
12689.6
12686.7
12686.7
12686.7
12686.7
12590.5
12548.8
12548.8
12484
12484
12484
12484
12484
12422.5
12422.5
12422.5
12354.9
12354.9
12354.9
12354.9
12354.9
12354.9
12318.3
12318.3
12318.3
12318.3
12318.3
12318.3
12318.3
12318.3
12214.5
12214.5
12214.5
12214.5
12214.5
12214.5
12201.8
12201.8
12201.8
12201.8
12201.8
12201.8
12185.1
12123.5
12123.5
12123.5
12123.5
12123.5
12123.5
12123.5
12123.5
12105.8
12089.1
12089.1
12053.3
12051.7
12040.1
12040.1
12040.1
12000.6
11987.2
11985.1
11943.7
11943.7
11943.7
11943.7
11943.7
11943.7
11943.7
11924.4
11924.4
11921.5
11921.5
11921.5
11921.5
11835.2
11821
11821
11811.6
11811.6
11811.6
11811.6
11811.6
11800
11800
11800
11800
11800
11800
11800
11800
11800
11800
11800
11735.3
11696.7
11696.7
11696.7
11696.7
11696.7
11686.5
11686.5
11686.5
11686.5
11686.5
11686.5
11685.6
11685.6
11653.9
11653.9
11653.9
11647.5
11647.5
11647.5
11647.5
11647.5
11635
11635
11591.7
11591.7
11591.7
11591.7
11555.9
11555.9
11555.9
11555.9
11555.9
11555.9
11527.1
11509.7
11509.7
11509.7
11453.3
11453.3
11388.1
11388.1
11388.1
11366.6
11366.6
11366.6
11366.6
11366.6
11366.6
11366.6
11346.3
11346.3
11346.3
11346.3
11346.3
11346.3
11346.3
11346.3
11346.3
11346.3
11285.7
11285.7
11274.3
11274.3
11274.3
11274.3
11274.3
11274.3
11208.1
11208.1
11191.9
11191.9
11191.9
11191.9
11181.6
11156.4
11135.5
11081.8
11073.1
11073.1
11073.1
11061.1
10982.1
10982.1
10974.5
10936.1
10936.1
10936.1
10897
10855.5
10831.7
10831.7
10831.7
10831.7
10831.7
10826.8
10826.8
10818.1
10818.1
10795.2
10795.2
10795.2
10795.2
10795.2
10795.2
10793.4
10761.1
10761.1
10726.1
10726.1
10708.7
10640.3
10640.3
10640.3
10640.3
10640.3
10640.3
10640.3
10640.3
10640.3
10640.3
10638.1
10629.4
10629.4
10629.4
10622.5
10596.4
10596.4
10591.7
10524.6
10524.6
10524.6
10524.6
10505.3
10476.4
10435
10435
10435
10435
10380
10349
10349
10339.8
10322.2
10295.1
10295.1
10288
10253.8
10249.8
10249.8
10230.8
10230.8
10230.8
10230.8
10230.8
10230.8
10224.5
10224.5
10224.5
10224.5
10152.2
10152.2
10144.4
10144.4
10144.4
10069.4
10052.3
10052.3
9970.98
9970.98
9938
9938
9938
9904.32
9904.32
9867.24
9867.24
9856.74
9847.38
9847.38
9847.38
9847.38
9821.8
9783.12
9755.16
9699.56
9699.56
9699.56
9699.56
9667.26
9617.22
9603.64
9603.64
9603.64
9603.64
9603.64
9603.64
9591.88
9586.98
9586.98
9569.64
9569.64
9569.64
9568.44
9561.28
9561.28
9561.28
9561.28
9561.28
9561.28
9561.28
9561.28
9561.28
9561.28
9561.28
9559.72
9508.68
9508.68
9508.68
9507
9506.48
9506.48
9448.54
9434.28
9434.28
9434.28
9434.28
9420.54
9420.54
9420.54
9406.12
9393.3
9393.3
9393.3
9393.3
9389.16
9368.34
9368.34
9368.34
9368.34
9345.84
9345.84
9328.06
9328.06
9328.06
9328.06
9328.06
9289.08
9289.08
9289.08
9183.64
9183.64
9183.64
9183.64
9183.64
9183.64
9183.64
9163.24
9163.24
9163.24
9139.76
9139.76
9139.76
9139.76
9139.76
9139.76
9139.76
9139.76
9139.76
9120.04
9112.3
9112.3
9110.68
9110.68
9110.68
9110.68
9088.44
9088.44
9088.44
9086.38
9086.38
9064.68
9064.68
9051.32
9030.54
9030.54
9030.54
9030.54
9030.54
9030.54
9030.54
9021.1
9021.1
8981.74
8981.74
8981.74
8981.74
8975.86
8948.46
8948.46
8948.46
8948.46
8948.46
8948.46
8948.46
8903.64
8903.64
8886.1
8886.1
8867.36
8867.36
8867.36
8867.36
8867.36
8867.36
8854.08
8854.08
8828.94
8828.94
8828.94
8784.28
8784.28
8745.68
8742.34
8742.34
8742.34
8742.34
8723.78
8723.78
8723.78
8715.74
8715.74
8676
8676
8654.24
8640.96
8587.92
8587.92
8587.92
8573.7
8573.7
8573.7
8573.7
8526.14
8526.14
8526.14
8526.14
8500.96
8500.96
8500.96
8500.96
8500.96
8500.96
8500.96
8500.96
8500.96
8500.96
8500.96
8484.64
8484.64
8380.34
8380.34
8380.34
8380.34
8380.34
8345.84
8345.84
8345.84
8321.48
8320.76
8320.76
8320.76
8236.88
8236.88
8236.88
8221.52
8221.52
8221.52
8221.52
8221.52
8215.7
8215.7
8215.7
8215.7
8215.7
8215.7
8213.68
8213.68
8213.68
8187.32
8187.32
8187.32
8186
8165.68
8165.68
8165.68
8165.68
8112.74
8112.74
8112.74
8092.84
8091.8
8091.8
8024.22
8016.1
8016.1
7999.6
7999.6
7999.6
7999.6
7975
7943.04
7943.04
7943.04
7943.04
7943.04
7943.04
7943.04
7943.04
7932.44
7932.44
7932.44
7932.44
7915.86
7915.86
7913.68
7913.68
7913.68
7913.68
7913.68
7893.72
7888.1
7888.1
7888.1
7888.1
7888.1
7871.82
7871.82
7852.92
7852.92
7841.4
7838.22
7838.22
7838.22
7838.22
7838.22
7838.22
7832.48
7832.48
7817.84
7789.22
7768.92
7768.92
7768.92
7768.92
7768.92
7768.92
7758.3
7758.3
7727.26
7698.96
7687.78
7687.78
7687.78
7683.08
7669.4
7669.4
7644.8
7597.96
7597.96
7597.96
7597.96
7570.14
7570.14
7570.14
7570.14
7570.14
7570.14
7570.14
7515.48
7515.48
7510.64
7448.64
7448.64
7446.34
7374.06
7342.86
7342.86
7342.86
7342.86
7342.86
7342.86
7342.86
7342.86
7337.06
7337.06
7337.06
7317.16
7317.16
7317.16
7303.9
7299.08
7299.08
7299.08
7299.08
7295.18
7295.18
7295.18
7295.18
7295.18
7294.84
7293.18
7293.18
7279.94
7279.94
7279.94
7279.94
7279.94
7279.94
7279.94
7279.94
7279.94
7279.94
7266.22
7266.22
7260.72
7260.72
7221.3
7203.54
7203.54
7203.54
7203.54
7203.54
7203.54
7203.54
7203.54
7203.54
7203.54
7176.56
7112.28
7111
7111
7104.42
7104.42
7104.42
7069
7069
7069
7069
7069
7046.62
7036.28
7036.28
7036.28
7036.28
7029.02
7020.5
7008.52
7003.74
6996.68
6961.74
6961.74
6959.08
6925.26
6925.26
6918.78
6918.78
6918.78
6918.78
6918.78
6918.78
6918.78
6918.78
6918.78
6882.24
6882.24
6882.24
6851.76
6851.76
6833.82
6777.16
6777.16
6777.16
6743.16
6743.16
6743.16
6712.74
6709.94
6709.94
6709.94
6709.94
6694.38
6655.8
6655.8
6655.8
6655.8
6655.8
6655.8
6655.8
6655.8
6655.8
6655.8
6643.4
6621.68
6619.72
6619.72
6619.72
6609.94
6545.26
6545.26
6545.26
6545.26
6545.26
6545.26
6493.06
6478.42
6447.24
6447.24
6447.24
6447.24
6447.24
6447.24
6447.24
6447.24
6447.24
6447.24
6447.24
6447.24
6437.74
6437.74
6437.74
6435.34
6435.34
6435.34
6396.8
6392.02
6388.54
6388.54
6376.3
6336.44
6336.44
6336.44
6336.44
6336.44
6336.44
6325.48
6325.48
6303.08
6303.08
6303.08
6303.08
6300.52
6300.52
6300.52
6300.52
6300.52
6300.52
6300.52
6300.52
6300.52
6285.82
6285.82
6285.82
6283.38
6283.38
6283.38
6283.38
6283.38
6271.48
6262.36
6262.36
6246.3
6201.64
6201.64
6201.64
6201.64
6201.64
6201.64
6201.64
6173.3
6173.3
6173.3
6173.3
6173.3
6161.2
6161.2
6141.42
6116.16
6116.16
6116.16
6114.12
6114.12
6114.12
6114.12
6109.8
6109.8
6109.8
6106.44
6106.44
6099
6099
6099
6084.34
6083.58
6058.84
6047.84
6047.84
6040.34
6040.34
6040.34
6040.34
6040.34
6040.34
6040.34
6017.9
6015.74
6000.02
6000.02
6000.02
6000.02
5992.32
5992.32
5992.32
5992.32
5992.32
5992.32
5992.32
5992.32
5930.1
5930.1
5930.1
5930.04
5930.04
5930.04
5926.18
5890.8
5890.8
5890.8
5870.86
5870.86
5870.86
5856.22
5856.22
5856.22
5855.14
5783.6
5781.9
5781.9
5781.9
5781.9
5781.9
5779.08
5774.86
5774.86
5774.86
5774.86
5774.86
5774.86
5774.86
5755.18
5733.92
5721.52
5718.86
5718.86
5718.86
5718.86
5701.5
5701.5
5688.26
5656.32
5656.32
5656.32
5656.32
5651.2
5633.66
5633.66
5614.48
5614.48
5614.48
5614.48
5614.48
5605.2
5605.2
5605.2
5604.18
5604.18
5599.1
5586.06
5586.06
5581.96
5581.96
5581.96
5581.96
5539.44
5535.66
5535.66
5535.66
5503.84
5503.84
5503.84
5503.84
5503.84
5498.3
5483.5
5480.48
5474.58
5474.58
5474.58
5474.58
5449.22
5443.78
5439.82
5439.82
5439.82
5439.82
5439.82
5402.92
5400.28
5393.1
5393.1
5379.14
5370.56
5370.56
5370.56
5370.56
5370.1
5370.1
5368.2
5368.2
5368.2
5368.2
5364.94
5364.94
5364.94
5363.82
5363.82
5363.82
5363.82
5337.6
5337.6
5327.14
5327.14
5300.44
5300.44
5300.44
5265.32
5265.32
5258.42
5235.98
5235.98
5235.98
5213.18
5213.18
5213.18
5213.18
5213.18
5203.54
5203.54
5181.8
5181.8
5176.04
5176.04
5176.04
5176.04
5176.04
5169.82
5138.98
5138.98
5128.66
5096.84
5096.84
5096.84
5087.92
5048.7
5048.7
5048.7
5041.32
5041.32
5041.32
5031.24
5021.5
5021.5
5021.5
5014.96
5013.08
4997.22
4985.28
4985.28
4985.28
4982.96
4970.48
4970.48
4965.64
4965.64
4965.64
4965.64
4965.64
4961.68
4961.68
4961.68
4961.68
4961.68
4940.54
4924.56
4924.56
4919.94
4919.94
4894.98
4894.98
4882.06
4882.06
4882.06
4882.06
4882.06
4881.86
4881.86
4881.86
4881.86
4881.86
4881.86
4881.86
4881.86
4874.74
4865.58
4865.58
4865.58
4865.58
4865.58
4857.86
4856.1
4856.1
4856.1
4845.8
4845.8
4845.8
4845.8
4845.8
4842.96
4812.14
4812.14
4812.14
4812.14
4810.94
4810.94
4800.1
4800.1
4800.1
4800.1
4800.1
4771.08
4771.08
4771.08
4764.76
4764.76
4762.94
4762.94
4762.94
4754.7
4754.7
4754.7
4754.7
4754.7
4743.5
4729.9
4708.5
4683.76
4683.76
4679.22
4664
4658.5
4658.5
4632.82
4632.82
4632.82
4631.32
4623.38
4623.38
4622.22
4622.22
4621.84
4621.84
4621.84
4619.56
4596.88
4596.88
4596.88
4596.88
4593.26
4593.12
4593.12
4593.12
4588.24
4588.24
4586.12
4586.12
4586.12
4586.12
4586.12
4586.12
4586.12
4586.12
4584.68
4584.68
4577.02
4554.52
4543.34
4543.34
4524.86
4524.86
4524.86
4524.86
4500.06
4450.3
4429.6
4386.8
4381.02
4381.02
4380.52
4380.52
4380.52
4380.52
4370.76
4357.96
4357.96
4357.96
4343.8
4343.8
4343.8
4334.7
4332.84
4332.84
4332.84
4326.18
4326.18
4326.18
4315.52
4314.36
4314.36
4314.36
4314.36
4314.36
4314.36
4314.36
4314.36
4314.36
4314.36
4309.98
4292.16
4292.16
4292.16
4292.16
4292.16
4288.14
4288.14
4270.62
4270.62
4270.62
4270.62
4270.62
4258.32
4258.32
4258.32
4258.32
4258.32
4255.86
4255.86
4240.56
4233.06
4225.08
4215.74
4215.74
4215.74
4201.96
4180
4180
4180
4180
4180
4162.96
4162.96
4140.54
4140.54
4140.54
4130.72
4130.72
4122.18
4122.18
4122.18
4122.18
4122.18
4116.28
4116.28
4115
4109.88
4109.88
4093.16
4093.16
4093.16
4093.16
4093.16
4091.16
4091.16
4091.16
4088.74
4088.74
4088.74
4088.74
4087.34
4087.34
4086.06
4084
4084
4084
4084
4084
4084
4079.86
4079.86
4070.4
4070.4
4056.2
4056.2
4056.2
4056.2
4056.2
4056.2
4056.2
4044.36
4044.36
4044.36
4036.28
4036.28
4036.28
4036.28
4036.28
4033.52
4033.52
4033.52
4033.52
4033.52
4033.52
4033.52
4019.4
4003.38
3993.68
3985.28
3985.28
3976.02
3976.02
3976.02
3949.08
3949.08
3949.08
3949.08
3936.92
3936.92
3936.92
3936.92
3936.92
3926.78
3908.8
3908.8
3895.56
3887.96
3887.96
3887.96
3875.26
3875.26
3859.42
3859.42
3859.42
3857.1
3857.1
3835.1
3835.1
3835.1
3835.1
3835.1
3832.68
3832.68
3775.76
3775.76
3771.7
3753.94
3751.64
3746.4
3746.4
3746.4
3746.4
3746.4
3746.4
3746.4
3746.4
3743
3743
3735.36
3735.36
3735.36
3730.52
3730.52
3730.52
3730.52
3730.52
3730.52
3730.52
3730.52
3730.52
3730.52
3716.04
3716.04
3716.04
3705.7
3705.7
3705.7
3671.8
3671.8
3670.92
3670.92
3670.92
3670.54
3670.54
3670.54
3668.4
3666.46
3666.46
3666.46
3666.46
3662.08
3662.08
3662.08
3662.08
3662.08
3659.48
3655.48
3655.48
3639.44
3629.76
3629.76
3629.76
3629.76
3620.44
3615.08
3615.04
3615.04
3607.16
3607.16
3607.16
3607.1
3607.1
3607.1
3607.1
3607.1
3607.1
3596.18
3581.18
3569.26
3569.26
3567.82
3567.82
3558.9
3534
3529.54
3502.26
3502.26
3502.26
3502.26
3502.26
3502.26
3491.62
3474.62
3474.62
3468.78
3468.78
3448.4
3448.4
3426.5
3426.5
3426.5
3416.64
3405.5
3398.88
3398.88
3397.9
3395.22
3395.22
3395.22
3395.22
3395.22
3395.22
3393.54
3393.54
3393.54
3359.12
3346.94
3346.94
3344.88
3344.88
3344.88
3339.78
3337.7
3337.7
3334.36
3334.36
3334.36
3334.36
3334.36
3334.36
3317.28
3295.96
3285.58
3285.58
3281.16
3281.16
3281.16
3264.82
3260.54
3248
3248
3248
3248
3248
3247.18
3247.18
3246.16
3239.52
3239.52
3239.52
3230.82
3230.82
3230.82
3230.82
3230.82
3230.82
3230.82
3230.82
3224.56
3217.22
3217.22
3211.34
3193.78
3183.88
3183.88
3183.88
3180.66
3180.66
3173.8
3154.24
3154.24
3154.24
3154.24
3154.24
3154.24
3154.24
3154.24
3132.68
3132.68
3132.68
3129.08
3102.66
3095.92
3082.34
3082.34
3082.34
3081.1
3081.1
3081.1
3081.1
3081.1
3075.86
3074.84
3069.3
3069.3
3069.3
3069.3
3069.3
3069.3
3064.3
3064.3
3052.6
3041.96
3041.96
3041.96
3041.96
3041.96
3041.96
3041.96
3041.96
3038.48
3038.48
3038.48
3035.42
3035.42
3035.42
3035.42
3035.42
3035.24
3035.24
3035.24
3035.24
3024.74
3024.74
3024.74
3024.74
3023.52
3023.52
3023.52
3011.6
3011.6
3011.6
3011.6
3011.6
3010.94
3007.96
3007.96
3007.32
3007.32
3007.32
3007.32
3007.32
3007.32
3007.32
3007.32
2998.28
2998.28
2998.28
2998.28
2998.28
2991.84
2991.84
2991.84
2991.84
2991.76
2991.76
2991.76
2991.76
2976.54
2968.78
2936.88
2936.88
2935.9
2932.8
2932.8
2932.8
2932.8
2932.8
2929.66
2925.6
2925.6
2917.46
2917.46
2913.8
2913.8
2909.02
2893
2893
2892.98
2892.98
2892.98
2892.98
2884.88
2884.88
2884.88
2884.88
2884.88
2872.72
2872.72
2872.72
2872.72
2872.72
2872.72
2872.72
2863.2
2863.2
2863.2
2861.72
2861.72
2861.72
2856.32
2856.32
2853.48
2852.58
2852.58
2852.58
2852.58
2850.96
2850.28
2845.88
2845.66
2834.82
2834.82
2828.54
2820.6
2819.7
2781.38
2776.12
2776.12
2768.86
2768.86
2768.86
2768.86
2756.7
2756.7
2756.7
2756.7
2756.7
2752.44
2744.54
2743.24
2741.36
2734.16
2713.8
2713.8
2713.8
2708.48
2683.06
2670.12
2670.12
2670.12
2670.12
2664.28
2664.28
2664.28
2664.28
2664.28
2664.28
2661.5
2661.5
2650.1
2650.1
2650.1
2650.1
2646.1
2646.1
2646.1
2646.1
2646.1
2642.54
2642.54
2642.54
2621.8
2621.8
2621.8
2620.04
2620.04
2620.04
2614.42
2614.42
2614.42
2614.42
2587.38
2587.38
2583.52
2583.52
2573.62
2573.62
2573.62
2573.62
2573.62
2573.62
2569.48
2569.48
2569.48
2569.48
2569.48
2569.48
2569.48
2569.48
2550.14
2550.14
2547.22
2546.14
2538.1
2538.1
2534.98
2534.98
2534.98
2534.98
2534.98
2534.98
2534.14
2519.38
2519.38
2519.38
2519.38
2519.38
2517.48
2517.48
2516.16
2514.48
2514.48
2510.98
2494.94
2494.94
2492.56
2492.56
2492.56
2492.56
2492.56
2482.28
2480.4
2480.4
2480.4
2467.9
2465.52
2465.52
2458.3
2458.3
2458.3
2457.52
2446.58
2446.58
2446.58
2446.58
2443.34
2420.78
2420.78
2420.78
2418.12
2418.12
2416.1
2416.1
2416.1
2416.1
2416.1
2416.1
2416.1
2410.8
2397.8
2397.8
2397.8
2397.8
2397.8
2397.8
2397.8
2395.08
2388.18
2388.18
2387.52
2387.52
2387.52
2380.76
2380.76
2380.76
2380.76
2380.76
2371.32
2370.42
2370.42
2370.42
2370.42
2370.42
2358.18
2355.58
2352.3
2352.3
2352.3
2352.3
2352.3
2351.9
2351.28
2351.28
2351.28
2351.28
2351.28
2351.28
2351.28
2351.28
2347.82
2347.82
2338.96
2338.96
2338.96
2333.72
2333.72
2333.72
2333.72
2333.72
2323.46
2323.46
2323.46
2322.12
2320.56
2317.94
2317.94
2317.94
2311.88
2308.06
2308.06
2305.76
2305.76
2305.14
2284.16
2270.54
2270.54
2270.54
2258.96
2258.96
2250.8
2250.8
2248.46
2248.46
2248.04
2246.52
2246.52
2246.52
2246.52
2246.52
2246.52
2246.52
2246.52
2236.68
2235.64
2235.64
2235.64
2235.64
2229.26
2228.9
2216.28
2216.28
2215.24
2215.24
2215.24
2215.24
2215.24
2215.24
2215.24
2205.16
2205.16
2205
2180.06
2176.94
2176.94
2176.94
2176.94
2170.16
2170.16
2169
2169
2162.2
2162.2
2162.2
2162.2
2162.2
2160.84
2160.84
2160.84
2150.86
2150.86
2150.86
2150.86
2150.86
2150.86
2150.86
2147.5
2131.54
2131.54
2131.54
2114
2114
2114
2114
2114
2110.12
2108.94
2108.94
2102.74
2101.56
2081.28
2081.28
2080.18
2080.18
2080.18
2071.28
2067.6
2067.6
2067.6
2062.7
2062.7
2060.62
2060.62
2049.92
2049.92
2049.92
2049.92
2043.64
2043.64
2036.58
2036.58
2036.58
2033.58
2033.58
2022.48
2021.14
2016.12
2013.92
2013.92
2009.04
2009.04
2009.04
2009.04
2009.04
2009.04
2009.04
2008.6
2008.6
2008.6
2008.4
2008.4
2008.4
2002.42
2002.42
1986.28
1986.28
1986.28
1986.28
1986.28
1986.28
1978.42
1978.42
1978.42
1978.42
1978.42
1978.42
1973.2
1968.96
1968.96
1968.96
1961.6
1961.6
1961.6
1961.6
1961.6
1961.6
1959.2
1959.2
1952.46
1942.62
1942.62
1942.62
1935.58
1935.58
1935.58
1933.8
1933.8
1933.8
1933.8
1933.8
1933.8
1933.8
1930.98
1930.98
1930.98
1928.66
1926.04
1926.04
1926.04
1926.04
1926.04
1926.04
1919.46
1919.46
1919.46
1919.46
1919.46
1915.42
1909.42
1909.42
1909.12
1909.12
1909.12
1906.9
1904.04
1904.04
1892.88
1891.2
1891.2
1889.62
1889.62
1889.62
1889.62
1889.62
1889.58
1889.58
1889.58
1889.58
1889.58
1884.74
1879.72
1879.72
1871.28
1871.28
1866.02
1855.5
1855.5
1852.6
1850.88
1850.88
1850.88
1850.88
1850.88
1846.7
1846.7
1846.7
1846.7
1841.36
1841.36
1840.28
1840.28
1840.28
1840.28
1839.16
1839.16
1839.16
1839.16
1838.5
1838.5
1838.5
1838.5
1838.5
1818.58
1818.58
1813.96
1813.96
1813.96
1813.96
1809.74
1807.04
1798.6
1798.6
1798.6
1798.6
1798.6
1798.6
1798.4
1795.1
1795.1
1783.26
1774.26
1774.26
1773.36
1773.36
1773.36
1773.36
1771.7
1771.7
1771.7
1767.8
1767
1767
1767
1767
1767
1767
1767
1767
1767
1764.02
1756.8
1748.92
1745.86
1738.42
1738.42
1738.42
1729.1
1725.58
1714.4
1714.4
1706.96
1706.96
1706.96
1699.96
1699.96
1696.72
1690.34
1690.34
1690.34
1688.1
1688.1
1688.1
1688.1
1688.1
1688.1
1688.1
1680.06
1679.72
1678.56
1676.72
1676.72
1676.72
1669.18
1661.92
1661.92
1660.44
1656.82
1656.82
1645.62
1645.62
1645.62
1645.62
1643.32
1643.32
1642.94
1642.94
1642.94
1642.94
1642.94
1642.9
1642.9
1642.9
1642.9
1642.9
1642.5
1630.3
1630.16
1628.94
1626.18
1623.82
1623.82
1623.82
1618.54
1618.54
1615.8
1613.94
1613.94
1613.94
1609.48
1609.48
1609.48
1609.48
1609.48
1609.48
1609.48
1609.48
1599.72
1594.22
1594.22
1592.74
1592.3
1592.3
1586.6
1582.86
1582.86
1582.86
1582.86
1582.86
1582
1582
1582
1581.5
1581.5
1581.5
1581.5
1581.5
1581.5
1581.5
1581.32
1581.32
1581.32
1581.32
1577.78
1571.66
1571.66
1562.28
1554.92
1554.92
1554.92
1554.92
1551.88
1551.88
1550.92
1550.92
1550.92
1544.36
1541.38
1541.38
1541.38
1534.26
1530.76
1530.76
1530.76
1530.76
1530.76
1529.36
1526.24
1526.24
1526.24
1526.24
1526.24
1526.24
1521.06
1521.06
1519.8
1516.86
1516.86
1515.54
1515.54
1514.44
1509.24
1509.24
1509.24
1509.24
1509.24
1509.24
1509.24
1509.24
1501.02
1501.02
1494.34
1494.34
1494.34
1494.34
1494.34
1494.34
1494.34
1494.34
1494.34
1494.34
1494.34
1494.34
1494.34
1489.52
1480.62
1480.62
1480.62
1480.62
1479.5
1479.04
1478.04
1478.04
1478.04
1478.04
1478.04
1475.94
1475.62
1471.48
1471.48
1471.48
1471.48
1470.16
1463.6
1463.6
1463.6
1463.6
1463.6
1463.6
1459.14
1459.14
1456.7
1456.7
1456.7
1456.7
1456.7
1456.7
1455.94
1455.94
1455.46
1455.46
1446.74
1446.74
1446.74
1445.48
1445.48
1434.56
1434.56
1434.56
1430.62
1430.62
1430.62
1430.62
1430.62
1430.62
1419.98
1419.12
1418.22
1418.22
1418.22
1410.78
1410.78
1410.78
1410.78
1410.78
1410.78
1404.08
1402.16
1402.16
1401.06
1399.56
1399.56
1396.68
1396.68
1396.68
1394.46
1394.46
1394.46
1389.5
1380.14
1380.14
1380.14
1380.14
1377.6
1377.6
1375.46
1375.46
1375.46
1371.5
1371.5
1371.5
1371.5
1371.5
1371.5
1371.5
1371.5
1371.5
1371.5
1371.5
1371.5
1371.5
1371.5
1371.5
1371.5
1371.5
1371.5
1371.5
1371.5
1371.5
1363.28
1363.28
1363.28
1363.28
1363.28
1363.28
1363.28
1363.28
1363.28
1359.18
1359.18
1353.96
1353.72
1351.72
1351.72
1346.22
1346.22
1346.22
1341.92
1341.92
1341.92
1340.94
1338.28
1338.28
1338.28
1338.28
1338.28
1338.28
1337.4
1337.4
1337.4
1337.4
1337.4
1334.34
1334.34
1333.22
1333.22
1333.22
1333.22
1333.22
1330.32
1330.32
1330.32
1330.32
1326.68
1326.68
1304.46
1297.64
1297.64
1297.64
1297.64
1291.14
1291.14
1290.64
1290.64
1290.64
1290.64
1290.64
1288.4
1288.4
1288.4
1288.4
1288.4
1288.4
1288.08
1286.6
1279.62
1278.9
1278.1
1277.32
1274.72
1274.72
1271.18
1271.18
1271.18
1271.18
1271.04
1271.04
1268.92
1267.62
1259.08
1257.14
1255.08
1255.08
1255.08
1255.08
1255.08
1255.08
1255.08
1255.08
1255.08
1253.58
1253.58
1253.58
1253.58
1253.58
1251.88
1249.98
1246.02
1246.02
1246.02
1246.02
1246.02
1246.02
1243.26
1240.94
1240.94
1240.94
1240.94
1240.94
1240.94
1237.16
1237.16
1237.16
1236.6
1235.68
1235.68
1235.68
1235.68
1235.68
1235.68
1235.68
1234.92
1234.92
1234.92
1234.92
1223.66
1221.56
1221.56
1221.28
1218.66
1214.34
1211.7
1211.7
1206.82
1202.86
1196.42
1193.34
1190.74
1190.74
1190.74
1190.74
1190.74
1190.74
1190.74
1188.86
1182.7
1180.48
1173.74
1173.74
1173.74
1173.2
1173.2
1171.06
1171.06
1168.8
1168.8
1168.8
1166.72
1166.72
1166.72
1161.5
1161.5
1161.5
1158.84
1158.84
1158.84
1152.7
1150.36
1147.74
1147.74
1144.8
1141.32
1141.32
1141.32
1141.02
1140.08
1139.7
1139.7
1137.76
1130.64
1130.64
1130.64
1130.64
1130.64
1130.64
1130.64
1130.64
1130.64
1129.28
1129.28
1129.28
1129.28
1119.24
1119.24
1119.24
1113.08
1113.08
1111.74
1111.74
1111.74
1111.74
1108.8
1108.8
1108.8
1106.06
1096.24
1096.24
1096.24
1096.24
1096.24
1093.28
1086.76
1084.56
1081.54
1075.96
1075.96
1073.4
1073.4
1073.4
1073.4
1067.88
1066.98
1066.98
1066.42
1062.46
1062.46
1062.26
1062.26
1062.26
1062.26
1058.54
1058.54
1058.54
1058.54
1058.54
1055.9
1055.9
1055.9
1055.9
1055.9
1055.22
1053.1
1053.1
1053
1044.3
1042.74
1034.6
1033.22
1025.54
1025.54
1019.44
1019.44
1014.9
1014.9
1008.86
1004.3
1004.3
1004.3
1004.3
1003.7
1003.7
1003.7
1003.7
1003.7
1003.7
1003.7
1003.7
999.5
998.66
991.92
991.92
991.9
990.94
990.94
990.94
990.94
990.94
990.94
990.94
983.44
981.64
981.64
981.64
979.16
979.16
979.16
973.26
973.26
973.26
973.26
973.26
971.66
971.66
971.66
971.66
971.66
970.56
969.88
969.88
969.88
969.88
969.88
967.16
967.16
967.16
967.16
967.16
967.16
967.16
967.16
967.16
967.16
958.56
958.56
953.76
953.76
953.76
951.08
951.08
951.08
951.08
951.08
951.08
951.08
951.08
951.08
951.08
951.08
951.08
951.08
946.38
946.38
946.38
946.38
945.16
944.44
942.8
942.8
942.8
941.76
941.76
941.76
941.76
934.46
933.9
932.56
930
924.88
924.3
924.3
922.56
922.56
920.2
920.2
914.5
912.14
912.14
912.14
912.14
912.14
909.12
908.64
908.64
908.64
908.64
908.64
908.64
908.64
908.64
908.64
908.64
908.58
908.58
907.58
907.58
905.14
905.14
905.14
905.14
900.82
900.82
896.28
896.28
896.28
895.5
895.5
892.6
886.72
886.56
886.56
885.38
885.38
885.38
885.38
885.38
884.54
884.54
884.54
884.54
884.54
884.54
883.84
881.98
881.98
881.98
881.98
880.14
880.14
880.14
880.14
880.1
880.1
880.1
880.1
880.1
880.1
877.96
877.96
877.96
874.84
874.84
874.84
874.84
874.84
874.84
874.84
874.84
874.84
874.84
874.84
874
874
874
870.56
870.56
867.22
867.22
867.22
866.86
866.86
866.86
863.52
863.52
863.52
861.74
861.74
861.74
861.74
861.74
861.74
859.18
854.72
851.66
851.66
851.66
849.52
849.52
849.52
849.52
849.52
849.52
849.52
849.52
848.74
848.7
848.7
848.12
844.62
840.72
840.72
840.72
840.72
840.72
840.72
840.72
840.72
840.72
840.72
840.72
840.72
840.72
840.72
840.72
840.72
840.72
840.72
840.72
837.88
837.88
837.88
837.32
836.06
836.06
836.06
836.06
836.06
836.06
836.06
836.06
836.06
836.06
836.06
836.06
836.06
836.06
833
833
831.46
831.46
831.46
831.46
831.46
831.46
831.46
830.4
830.4
828.8
827.5
827.5
827.5
827.5
827.5
827.5
826.8
826.8
826.8
826.8
826.8
826.8
826.5
826.5
826.5
824.84
824.84
824.84
824.84
824.84
824.84
824.84
824.84
823.76
822.7
822.7
818.98
815.84
810.76
808.38
804.36
802.4
802.4
801.26
801.26
796.26
796.26
789.94
787.32
787.32
787.32
787.32
787.08
785.02
785.02
782.6
778.1
776.56
776.56
776.56
771.72
770.56
770.56
770.2
768.24
767.46
763.08
763.06
761.86
761.86
761.86
761.86
760.98
760.98
760.12
760.12
760.12
760.12
757.7
757.7
755.72
755.72
755.72
751.3
750.38
745.04
745.04
744.82
741.6
741.6
740.1
740.1
740.1
740.1
739.86
739.86
739.86
739.86
737.4
737.4
737.4
737.4
737.4
736.64
736.64
736.64
736.64
734.22
734.22
734.22
734.22
734.22
734.22
734.22
733.34
733.34
731.82
731.82
731.82
731.82
729.18
728.06
728.06
728.06
728.06
728.06
727.72
727.04
727.04
724.12
723.84
723.5
723.5
718.72
718.22
717.38
714.82
714.82
712.4
712.4
712.4
712.4
712.4
710.3
710.3
705.64
705.64
703.18
700.86
700.86
700.76
695.84
693.46
693.18
693.18
693.18
692.18
692.18
692.18
692.18
690.08
690.08
690.08
690.08
690.08
687.24
687.24
686.12
683.52
683.52
683.52
683.52
680.42
680.42
680.42
680.42
680.42
680.42
680.42
680.42
679.06
679.06
679.06
679.06
679.06
679.06
679.06
678.64
676.28
673.34
673.34
673.34
673.34
673.34
673.34
673.34
673.34
670.38
668.62
668.62
668.62
668.62
668.62
668.62
668.62
668.62
668.62
666.1
666.1
661.14
661.14
659.6
659.6
656.6
656.6
656.6
656.6
656.6
656.6
656.6
656.6
656.6
652.34
651.9
651.9
651.9
651.9
648.94
648.94
647.8
647.42
644.56
643.86
643.86
643.86
643.86
643.86
643.86
643.86
643.86
643.58
643.18
643.18
641.88
641.56
640.96
640.96
640.96
640.5
640.5
637.24
637.24
634.08
632.88
632.88
632.88
632.48
626.52
626.52
626
626
626
626
626
625.08
625.08
623.28
623.28
623.28
619.58
619.58
619.58
619.58
619.58
617.2
617.2
617.2
616.36
611.72
608.1
607.12
607.12
607.12
607.12
607.12
607.12
607.12
607.12
607.12
607.12
607.12
607.12
607.12
607.12
607.12
607.12
607.12
607.12
605.9
604.84
602.7
602.7
602.7
601.36
601.36
601.36
601.36
600.06
600.06
600.06
597.6
597.6
596.94
594.84
594.84
594.84
594.84
594.84
594.84
594.84
593.68
593.68
593.68
593.68
593.68
593.68
593.32
588.74
588.74
586.18
586.18
582.88
582.88
582.3
582.3
582.3
579.88
578.74
578.48
578.48
577.56
577.56
577.56
576.78
575.68
573.88
572.28
572.28
570.7
570.7
568.66
568.16
568.16
567.72
567.72
567.72
567.72
567.72
567.72
565.08
565.08
565.08
565.08
565.08
561.56
561.56
561.56
561.52
561.52
560.38
559.74
559.74
559.74
559.74
559.74
558.78
558.78
558.78
558.78
558.78
558.78
558.78
556.1
555.82
555.82
555.82
555.82
555.82
555.82
555.14
555.14
554.94
554.94
553.8
553.8
553.8
553.8
553.8
553.8
553.8
552.68
552.68
552.68
552.68
552.68
552.68
552.68
551
551
551
549.88
549.74
549.06
549.06
546.36
546.36
546.36
546.36
546.36
546.36
546.36
546.36
546.36
546.36
546.36
546.36
545.84
545.8
545.8
545.8
543.06
539.82
539.38
537.94
537.56
537.56
536.5
536.5
536.22
536.22
536.22
535.02
535.02
534.02
533.36
531.66
531.66
529.28
528.42
528.42
528.22
528.22
528.22
528.22
527.74
527.74
527.74
527.74
526.94
526.94
526.94
526.94
524.12
524.12
522.2
522.2
519.66
519.66
519.66
519.66
519.66
519.66
519.54
519.54
517.18
517.18
517.18
517.18
517.18
517.18
517.18
516.7
515.82
515.82
515.82
513.1
513.1
512.08
512.08
512.08
512.08
510.98
510.98
510.98
510.98
510.98
510.98
508.92
508.92
507.02
507.02
507.02
507.02
506.82
506.82
506.24
506.24
506.24
506.24
506.24
506.24
506.24
505.66
505.66
505.66
505.66
505.66
505.44
505.44
505.44
505.44
505.44
505.42
505.42
505.42
505.12
504.4
502.98
502.98
498.82
497.96
497.88
496.84
496.84
496.84
493.98
493.98
491.62
488.82
488.82
488
488
484.98
484.98
484.52
480.84
480.84
480.3
479.12
478.46
476.62
476.42
476.42
476.42
474.86
473.6
473.6
473.58
473.58
473.58
470.14
469.28
467.02
467.02
466.5
466.5
466.5
466.5
466.5
466.42
466.42
466.38
464.2
463.34
463.34
462.82
462.82
460.56
459.92
459.92
459.92
459.92
459.12
459.12
459.12
458.84
458.84
456.38
455.14
454.78
454.78
453.24
450.16
450.08
450.08
450.08
450.08
450.08
450.08
449.98
449.64
449.5
449.5
449.5
449.5
449.5
449.5
449.5
449.5
448.58
448.58
448.58
448.58
448.58
448.58
448.58
448.08
448.08
444.98
444.98
444.98
440.7
440.7
440.7
440.7
440.7
439.84
439.84
438.46
436.3
436.3
436.3
436.3
436.3
436.3
436.3
436.3
435.28
434.22
434.22
432.5
430.02
425.2
424.18
424.18
424.18
424.18
424.18
423.22
421.78
421.78
419.44
419.44
419.04
419.04
419.04
419.04
419.04
419.04
417.52
417.52
417.52
417.52
416.9
416.08
416.08
416.08
416.08
414.5
414.5
414.5
413.42
412.16
412.16
412.16
412.16
410.16
410.16
410.16
410.16
410.16
410.16
410.16
409.94
409.78
405.94
405.94
405.78
405.78
405.74
405.74
405.74
404.56
404.56
404.56
404.1
404.1
404.1
404.1
403.46
403.14
402.84
402.84
402.16
401.82
401.52
401.52
401.52
401.52
401.52
401.52
401.52
401.52
400.84
400.84
400.84
399.56
399.56
399.56
399.56
399.56
399.56
398.78
398.78
397.52
397.52
397.52
397.48
397.16
397.16
395.24
395.24
394.62
394.62
394.62
394.62
393.14
392.78
392.38
392.38
392.12
392.12
392.12
392.12
391.68
391.68
387.82
387.82
386.1
386.1
384.38
384.1
384.1
384.1
384.1
384.1
384.1
382.98
382.98
382.98
382.92
382.92
382.92
382.52
381.7
381.7
379.16
378.98
378.38
378.38
378.38
378.38
378.38
378.38
378.14
378.14
378.14
378.14
378.14
377.26
377.26
377.26
376.02
375.2
375.2
375.2
375.2
374.04
374.04
373.58
373.58
373.58
373.58
373.58
373.58
373.58
373.52
373.52
373.52
373.52
373.52
373.52
373.52
373.52
372.62
372.62
371.72
371.72
371.72
371.46
371.46
371.46
371.46
369.36
368.36
368.36
368.36
368.36
368.22
368.22
368.22
367.98
367.98
363.82
363.82
363.82
363.44
361.96
361.96
361.9
361.9
361.3
361
360.92
360.92
360.18
355.08
354.82
354.82
354.82
354.8
354.8
354.06
353.64
353.64
353.64
353.02
352.22
352.22
352.22
351.64
351.64
351.64
349.94
349.94
349.94
349.94
349.54
349.54
349.54
348.04
345.78
345.78
345.78
345.78
345.78
344.14
344.14
344.14
344.14
344.14
344.14
344.14
344.14
343.4
343.4
343.4
343.4
342.06
341.92
341.92
341.92
341.52
339.68
338.54
338.54
338.54
337.54
337.54
336.74
336.74
336.74
335.94
335.94
335.94
335.94
335.76
335
334.98
334.98
334.98
334.98
334.98
332.76
332.76
331.02
331.02
331.02
331.02
331.02
331.02
331.02
331.02
328.6
328.42
328.02
328.02
328.02
328.02
328.02
328.02
327.78
327.78
327.78
327.78
327.78
327.78
327.78
325.84
325.84
325.84
325.84
325.84
325.74
325.74
325.52
325.52
325.52
325.52
324.9
323
323
323
323
322.36
322.36
320.62
320.62
320.62
320.62
319.34
318.08
318.08
317.9
317.9
317.9
317.52
317.52
314.78
314.78
313.6
313.6
313.6
313.36
313.36
313.36
313
313
313
311.72
311.72
311.64
311.64
310.02
309.94
309.94
309.84
307.24
307.24
307.12
307.12
305.06
305.06
305.06
303.2
302.68
302.68
300.6
300.6
300.6
300.6
299.92
299.92
299.92
299.92
298.96
298.96
298.52
298.52
298.52
298.52
298.52
298.52
298.52
297.98
297.98
297.98
297.98
297.98
296.72
296.72
295.74
295.74
295.38
295.38
295.38
295.38
295.38
295.38
295.38
295.16
295.16
295.16
293.02
293.02
293.02
292.08
290.54
290.54
290.22
289.8
289.66
289.66
289.66
289.28
289.28
289.28
288.22
287.1
287.1
287.1
287.1
287.1
287.1
287.1
287.1
286.76
286.68
284.9
284.9
284.48
284.42
284.42
283.64
283.46
283.46
283.46
280.78
280.04
278.24
278.24
277.96
277.96
277.96
277.96
277.96
277.02
275.54
275.54
274.28
274.28
273.96
273.96
273.8
271.34
271.34
271.34
271.34
271.34
271.34
271.34
271.34
271.34
271.28
271.28
270.76
270.76
270.1
270.02
270.02
270.02
270.02
270.02
270.02
270.02
270.02
270.02
270.02
270.02
270.02
270.02
270.02
270.02
269.96
269.8
269.8
269.8
269.8
269.64
269.46
269.46
269.46
268.84
268.84
268.84
268.74
268.74
268.74
268.74
268.02
268.02
267.18
267.18
267.18
267.06
267.06
264.9
264.1
263.08
263.08
263.02
263.02
263.02
263.02
263.02
262.32
262.32
262.32
262.32
260.88
260.88
260.88
260.88
260.88
260.88
260.88
260.88
260.88
260.52
260.4
260.4
260.24
260.24
259.42
258.94
258.94
258.94
258.94
258.94
258.1
258.1
258.1
258.1
257.58
257.58
257.58
254.16
254.16
254.08
254.08
254.08
253.2
253.2
253.2
252.48
251.78
249.8
248.4
248.4
248.4
248.4
248.4
247.46
247.46
247.46
247.46
247.46
247.46
247.46
247.46
247.46
247.46
246.84
246.54
246.54
245.64
245.64
245.64
245.64
245.64
245.64
245.64
243.76
243.5
242.2
242.2
242.2
242.2
242.2
242.2
242.2
242.2
242.2
241.74
241.74
241.34
241.34
241.34
241.34
239.62
239.62
239.62
239.62
239.62
239.62
239.62
238.82
238.82
238.82
238.82
238.82
238.82
238.82
238.5
238.26
238.26
238.26
238.26
238.26
238.04
238.04
237.1
237.1
237.1
236.5
236.5
236.5
236.22
234.72
234.72
234.56
234.26
233.32
233.32
233.32
233.32
232.44
232.44
232.44
232.44
232.44
232.44
232.44
232.4
232.24
232.24
232.18
232.18
230.62
230.26
230.26
229.18
229.18
229.12
229.12
227.82
227.82
227.82
227.82
227.22
227.22
226.94
226.94
226.94
226.66
226.3
226.3
225.94
225.82
225.82
225.36
224.6
223.78
223.78
223.78
223.78
223.78
223.78
223.78
223.78
223.78
223.78
223.78
223.78
223.78
222.52
222.52
222.52
222.52
222.52
222.28
222.28
222.28
222.28
220.02
220.02
220.02
219.76
219.76
219.76
219.56
219.56
219.56
219.16
219.16
219.16
218.28
217.86
217.86
217.82
217.82
217.7
217.7
217.7
217.7
217.48
217.48
217.46
217.46
217.46
217.46
217.46
217.46
217.46
216.52
216.52
215.44
214.6
214.1
214.1
213.06
213.06
211.82
211.64
211.64
211.64
211.64
211.64
210.66
210.66
209.84
209.84
209.84
209.62
209.54
209.54
209.5
209.28
209.28
209.28
208.72
208.72
208.72
208.72
208.72
208.72
208.72
208.72
208.72
208.24
208.24
207.22
206.3
206.3
206.3
206.3
206.3
206.3
206.3
206.3
206.3
206.2
205.92
205.92
205.42
205.42
204.98
204.98
204.98
204.98
204.74
204.74
204.74
204.32
204.26
204.26
204.26
203.7
203.58
203.58
203.58
203.58
203.36
203.28
202.88
202.84
202.84
202.28
202.18
201.6
199.92
199.62
199.62
199.6
199.14
198.82
198.82
198.82
198.82
198.3
198.3
198.3
198.3
198.3
198.3
197.52
197.52
197.1
196.54
196.54
196.16
196.16
195.78
195.78
194.18
194.18
194.18
194.18
194.18
194.18
194.14
194.14
194.02
193.28
193.28
193.28
193.28
192.68
192.04
191.46
191.46
191.46
191.46
191.38
191.38
191.38
190.48
190.48
190.38
190.02
190.02
189.58
189.58
189.58
189.56
189.56
189.4
189.4
189.4
189.24
189.24
189.24
189.18
189.18
188.92
188.92
188.88
188.88
188.88
188.88
188.56
187.82
187.38
187.38
187.16
187.16
187.16
187.16
186.62
186.62
186.04
186.04
186.04
186.04
185.84
185.84
185.84
185.84
185.64
185.64
185.64
185.3
185.3
185.14
184.78
184.78
182.78
182.78
182.56
182.48
181.72
181.72
181.72
181.62
181.62
181.36
181.36
181.36
181.36
181.34
181.34
181.34
181.2
181.2
181.2
180.88
180.66
180.54
180.54
180.54
180.54
180.52
180.52
180.52
180.16
180
180
179.5
179.18
178.16
178.16
177.86
177.86
177.86
177.5
177.5
176.92
176.78
175.96
175.3
175.04
175
174.4
173.74
173.68
173.68
173.68
173.68
173.64
173.64
173.64
173.5
173.5
173.5
173.5
173.5
172.72
172.72
172.72
172.32
172.32
170.44
170.44
170.14
169.12
169.12
168.7
168.7
168.7
168.5
168.5
168.5
168.5
168.5
167.42
167.42
167.42
167.14
167.14
167.14
167.14
167.14
167.08
167.08
166.66
166.66
166.66
166.66
166.66
166.66
166.64
166.64
166.64
166.64
165.88
165.8
165.8
165.8
165.38
165.38
165.38
164.82
163.46
163.46
163.46
163.34
163.16
163.16
162.68
162.56
162.56
162.56
162.56
162.56
162.26
162.16
161.56
161.56
161.56
161.56
161.56
161.56
161.06
160.72
159.92
159.92
159.92
159.74
159.74
159.74
159.16
158.98
158.98
158.12
158.12
158.12
158.12
156.72
156.72
156.72
156.72
156.72
156.7
156.7
156.7
156.14
156.14
156.14
155.62
155.62
155.62
155.24
155.24
155.16
155.16
155.16
155.16
155.16
155.16
154.82
154.82
154.58
154.58
154.32
154.32
154.32
154.32
154.32
154.06
154.06
154.06
154.06
153.66
153.66
153.34
153.34
153.34
153.34
153.34
153.34
153.2
153.2
153.2
153.2
152.84
152.84
152.84
152.54
152.54
152.48
152.12
151.94
151.94
151.94
151.94
151.94
151.94
151.92
151.92
151.92
151.92
151.92
151.92
151.92
151.64
151.64
150.74
150.74
149.98
149.98
149.98
149.98
149.98
149.78
149.06
148.58
148.26
148.26
147.9
147.32
147.32
147.32
146.68
146.68
146.54
146.22
146.22
145.3
144.92
144.92
144.3
144.08
143.54
143.54
143.54
143.54
143.54
142.86
142.22
142.22
142.14
142.14
141.94
140.82
140.82
140.78
140.78
140.78
140.78
140.6
140.6
139.42
139.42
139.42
139.42
139.42
139.42
139.42
139.38
139.38
139.38
139.38
139.32
139.32
139.32
139.12
139.12
139.12
139.06
138.02
138.02
138.02
137.72
137.28
137.28
137.18
137.18
137.18
136.68
136.68
136.68
136.68
136.56
136.56
136.56
136.56
136.56
136.56
136.52
136.52
136.52
136.52
136.52
136.12
135.88
135.88
135.88
135.88
135.88
135.88
135.82
135.82
135.74
135.74
135.38
135.38
135.38
135.38
135.38
135.28
135.28
135.28
135.28
135.28
135.22
134.72
133.78
133.74
133.74
133.24
133.24
133.24
132.32
132.32
132.06
132.06
131.78
131.78
131.78
131.24
131.14
130.58
130.58
130.5
130.5
130.5
129.94
129.84
129.84
129.52
129.52
129.52
129.5
129.42
129.42
128.86
128.86
128.86
128.86
128.72
128.72
128.72
128.4
128.38
128.38
128.38
128.38
128.38
128.38
128.38
128.38
128.38
128.24
128.24
128.24
128.24
128.18
128.18
128.18
128.18
128.18
128.18
128.12
128.12
128.12
128.12
127.48
127.48
127.48
126.76
126.76
126.76
126.7
125.94
125.94
125.94
125.94
125.94
125.66
125.66
125.66
125.22
124.86
124.74
124.22
124.22
124.22
124.22
124.22
124.22
124.22
124.22
124.22
124.14
124.14
123.72
123.72
123.72
123.72
123.72
123.48
123.48
122.94
122.1
122.1
121.48
121.48
121.48
121.1
120.88
120.88
120.88
120.54
120.3
120.16
119.82
119.82
119.82
119.82
119.7
119.7
119.7
119.7
119.7
119.7
119.7
119.1
119.1
119.1
118.6
118.38
118.38
117.86
117.86
117.46
116.86
116.86
116.86
116.86
116.86
116.86
116.72
116.72
116.72
116.72
116.64
116.64
116.64
116.64
116.64
116.64
116.48
116.48
116.48
116.48
116.08
115.5
115.5
114.92
114.92
114.06
113.86
113.86
113.86
113.5
113.5
113.5
113.5
113.5
113.26
113.26
113.26
113.26
113.08
112.38
112.38
112.38
112.38
112.38
112.38
112.38
112.38
112.38
112.28
112.28
112.28
112.28
112.28
111.8
111.8
111.74
111.74
111.74
111.42
111.42
111.42
110.52
110.26
110.26
110.26
110.26
110.26
110.26
110.26
109.5
109.5
109.18
109.18
108.8
108.62
108.62
108.38
107.7
107.38
105.94
105.94
105.94
105.94
105.94
105.52
105.52
105.52
105.26
105.26
105.26
105.26
105.12
105.08
105.08
104.92
104.92
104.84
104.44
104.44
104.44
103.98
103.98
103.98
103.98
103.98
103.98
103.98
103.98
103.98
103.98
103.84
103.84
103.82
103.82
103.82
103.82
103.64
103.64
103.64
103.58
103.38
103.38
103.38
103.38
103.38
103.3
103.3
102.96
102.96
102.96
102.96
102.96
102.96
102.96
102.96
102.96
102.92
102.92
102.92
102.92
102.92
102.92
102.92
102.92
102.74
102.74
102.74
102.74
102.74
102.74
102.74
102.74
102.74
102.74
102.66
101.94
101.94
101.94
101.94
101.86
101.86
101.48
101.08
101.08
101.06
100.96
100.96
100.96
100.96
100.96
100.44
100.44
100.44
100.36
100.34
100.34
100.34
100.14
100.14
99.8
99.8
99.68
99.68
99.68
99.64
99.64
99.46
99.04
99.04
99.04
99.04
98.6
97.74
97.74
97.74
97.64
97.64
97.24
97.24
97.02
96.98
96.94
96.94
96.94
96.94
96.94
96.94
96.56
96.56
96.56
96.42
96.42
96.42
96.42
96.42
95.9
95.9
95.58
95.26
95.26
95.26
95.06
95.06
94.7
94.7
94.6
94.6
94.5
94.5
94.5
94.5
94.5
94.5
94.5
94.5
94.5
93.76
93.6
93.6
93.6
93.6
93.6
93.5
93.1
93.1
93.02
93.02
93.02
93.02
92.68
92.68
92.68
92.68
92.6
92.26
92.24
92.24
92.14
92.14
91.66
91.66
91.66
91.66
91.66
91.66
91.66
91.66
91.66
91.66
91.66
91.46
91.42
91.24
91.24
91.24
91.2
91.1
91.08
91.08
91.08
91.08
90.7
90.7
90.7
90.7
90.7
90.7
90.38
90.38
90.3
90.3
90.3
90.2
90.2
90.14
89.76
89.76
89.66
89.24
88.84
88.84
88.74
88.74
88.7
88.7
88.7
88.7
88.7
88.7
88.68
88.52
88.42
88.42
88.42
88.42
88.42
88.42
88.42
88.32
88.32
88.32
88.32
88.32
88.18
87.92
87.74
87.62
87.62
87.62
87.56
87.56
87.56
87.34
87.34
87.34
87.34
87.34
87.34
87.34
87.3
87.3
87.3
87.3
87.16
87.16
87.16
87.16
87.14
87.06
87.06
87.06
87.06
87.06
87.06
86.96
86.96
86.96
86.96
86.96
86.96
86.96
86.96
86.96
86.78
86.46
86.46
85.84
85.3
85.3
84.86
84.84
84.78
84.66
84.66
84.66
84.66
84.66
84.66
84.66
83.8
83.8
83.64
83.64
83.64
83.14
82.68
82.56
82.56
82.56
82.24
82.24
82.24
82.08
81.9
81.56
81.26
81.16
81.08
80.94
80.42
80.42
80.42
80.14
80.02
79.8
79.8
79.38
79.1
78.96
78.96
78.88
78.62
78.62
78.62
78.62
78.62
78.1
78.02
78.02
77.74
77.74
77.74
77.74
77.74
77.74
77.74
77.74
77.74
77.74
77.74
77.74
77.74
77.74
77.66
77.66
77.66
77.66
77.56
77.56
77.48
77.44
77.44
76.92
76.92
76.4
76.4
76.4
76.4
76.4
76.4
76.18
76.18
76.18
76.18
76.14
76.14
76.14
76.12
76.1
76.1
76.1
76.1
76.1
75.84
75.6
75.56
75.44
75.22
75.22
75.22
75.16
75.14
75.14
75.14
75.14
75.14
75.04
74.74
74.52
74.52
74.28
74.14
74.14
74.1
74.1
74.1
74.1
74.1
73.86
73.86
73.86
73.86
73.7
73.7
73.7
73.56
73.18
73.18
72.92
72.9
72.9
72.9
72.9
72.66
72.32
72.32
72.32
72.28
72.28
72.28
72.28
72.28
72
71.86
71.86
71.86
71.86
71.48
71.08
71.08
71.04
71.04
71.04
71.04
71.04
71.04
71.04
71.04
71.04
71.04
71.04
70.94
70.72
70.62
70.38
70.38
70.2
70.2
70.2
70.2
70.2
69.82
69.82
69.6
69.48
69.48
69.48
69.48
69.48
69.48
69.48
69.48
69.2
69.2
69.2
69.2
69.2
69.08
68.76
68.76
68.76
68.54
68.54
68.54
68.28
68.28
67.82
67.72
67.72
67.6
67.6
67.46
67.46
67.46
67.46
67.46
67.46
67.3
67.14
67.14
67.1
66.96
66.96
66.96
66.96
66.68
66.68
66.56
66.56
66.56
66.4
66.4
66.1
66
66
65.98
65.5
65.5
65.5
65.5
65.5
65.5
65.5
65.5
64.54
64.54
64.4
64.4
64.4
64.4
64.26
64.08
64.08
64
64
63.8
63.68
63.68
63.68
63.68
63.68
63.48
63.46
63.46
63.32
63.32
63.32
63.22
63.22
63.22
63.22
63.04
63.04
62.62
62.62
62.62
62.62
62.62
62.62
62.62
62.62
62.62
62.22
62.22
62.22
62.22
62.22
62.14
62.14
62.14
62.14
62.14
62.14
62.14
62.14
62.14
62.14
62.12
62.1
62.1
62.1
61.9
61.9
61.9
61.9
61.74
61.56
61.56
61.56
61.32
61.32
61
61
60.74
60.74
60.74
60.74
60.64
60.64
60.64
60.3
60.24
60.24
60.24
59.96
59.62
59.62
59.62
59.62
59.62
59.6
59.6
59.6
59.6
59.6
59.56
59.56
59.56
59.56
59.56
59.56
59.56
59.4
59.4
59.4
59.4
59.4
59.4
59.4
59.4
59.18
59.18
59.18
59.02
59.02
59.02
58.92
58.72
58.72
58.72
58.72
58.4
58.36
58.36
58.08
58.08
58.08
58.08
58.08
58.08
57.98
57.98
57.68
57.42
57.38
57.38
57.1
57.1
57.1
57.1
56.94
56.94
56.94
56.72
56.72
56.72
56.72
56.46
56.46
56.46
56.18
56.18
56.18
56.18
56.18
56.18
56.18
56.16
56.02
56.02
56.02
56.02
55.94
55.94
55.94
55.9
55.82
54.84
54.84
54.82
54.82
54.38
54.38
54.38
54.36
54.36
54.36
54.16
54.16
53.78
53.78
53.78
53.78
53.78
53.76
53.68
53.68
53.68
53.68
53.68
53.62
53.44
53.44
53.18
53.1
53.1
53.06
53.06
52.82
52.82
52.82
52.82
52.8
52.8
52.8
52.54
52.54
52.52
52.52
52.52
52.52
52.52
52.34
52.34
52.28
52.28
52.28
51.9
51.9
51.88
51.88
51.88
51.84
51.72
51.72
51.72
51.72
51.72
51.72
51.72
51.7
51.62
51.62
51.52
51.52
51.52
51.52
51.52
51.26
51.26
51.2
51.16
51.16
51.02
50.94
50.94
50.94
50.94
50.94
50.94
50.94
50.82
50.82
50.42
50.42
50.42
50.42
50.42
50.42
50.42
50.42
50.42
50.42
50.18
50.18
49.92
49.9
49.68
49.68
49.04
49.02
49
48.98
48.76
48.44
48.38
48.38
48.38
48.34
48.28
48.28
48.08
48.08
48.06
48.06
48.06
48.06
48.06
48.06
47.9
47.9
47.9
47.9
47.9
47.82
47.82
47.82
47.82
47.68
47.68
47.68
47.68
47.68
47.68
47.38
47.26
47.06
47
47
47
46.96
46.96
46.96
46.96
46.96
46.96
46.96
46.96
46.96
46.96
46.84
46.84
46.76
46.7
46.7
46.62
46.62
46.62
46.38
46.38
46.38
46.38
46.38
46.38
46.36
46.36
46.36
46.36
46.2
46.2
46.2
46.2
46.16
46
45.72
45.72
45.72
45.72
45.72
45.72
45.72
45.72
45.72
45.72
45.64
45.64
45.64
45.6
45.6
45.6
45.54
45.54
45.54
45.54
45.5
45.48
45.48
45.48
45.48
45.38
45.38
45.2
45.02
45.02
44.88
44.66
44.66
44.66
44.66
44.56
44.06
43.9
43.9
43.9
43.88
43.88
43.62
43.62
43.6
43.5
43.5
43.5
43.5
43.38
43.38
43.22
43.22
42.94
42.72
42.72
42.72
42.72
42.72
42.72
42.38
42.28
42.28
42.2
42.2
42.2
42.04
42.04
41.82
41.82
41.82
41.82
41.82
41.7
41.68
41.68
41.68
41.64
41.64
41.42
41.42
41.42
41.42
41.38
41.38
41.38
41.3
41.3
41.3
41.3
41.3
41.3
41.3
41.3
41.3
41.3
41.28
41.28
41.28
40.96
40.86
40.86
40.86
40.86
40.86
40.78
40.78
40.78
40.78
40.64
40.64
40.64
40.64
40.64
40.52
40.52
40.52
40.52
40.52
40.28
40.28
40.14
40.14
39.88
39.72
39.6
39.6
39.54
39.54
39.54
39.54
39.54
39.52
39.38
39.38
39.38
39.24
39.24
39.24
39.2
39.14
39.14
39.04
39.02
39.02
39.02
39.02
39.02
39.02
38.88
38.88
38.8
38.8
38.62
38.62
38.62
38.62
38.62
38.62
38.62
38.62
38.62
38.62
38.62
38.62
38.62
38.62
38.62
38.62
38.62
38.6
38.6
38.6
38.6
38.6
38.6
38.56
38.56
38.56
38.56
38.56
38.56
38.56
38.56
38.56
38.56
38.56
38.56
38.56
38.56
38.56
38.56
38.56
38.54
38.54
38.52
38.5
38.24
38.24
38.24
38.24
38.24
38.24
38.24
38.24
38.24
38.18
38.18
38.04
38.04
38.04
38.04
38.04
37.78
37.78
37.78
37.78
37.34
37.3
37.3
37.3
37.08
37.08
36.86
36.86
36.86
36.82
36.6
36.6
36.6
36.6
36.6
36.6
36.54
36.54
36.54
36.54
36.44
36.16
36.16
36.16
36.14
36.14
36.14
36.14
36.14
36.04
36.04
36.04
36.02
35.8
35.8
35.72
35.72
35.72
35.7
35.7
35.7
35.7
35.7
35.7
35.7
35.7
35.7
35.7
35.6
35.6
35.6
35.58
35.58
35.58
35.58
35.54
35.5
35.5
35.5
35.5
35.44
35.44
35.4
35.1
35.1
35.1
35.1
35.06
35.06
35.06
35.06
35.06
35.06
35.06
35.06
35
35
35
34.98
34.9
34.7
34.7
34.7
34.7
34.7
34.66
34.58
34.58
34.44
34.44
34.44
34.44
34.44
34.44
34.32
34.32
34.32
34.32
34.32
34.32
34.26
34.26
34.26
34.16
34.14
34.14
33.92
33.88
33.88
33.88
33.88
33.88
33.88
33.82
33.82
33.8
33.8
33.78
33.78
33.7
33.62
33.62
33.62
33.48
33.48
33.32
33.32
33.32
33.22
33.22
33.14
33.14
33.14
33.14
33.14
33.14
33.14
33.14
33.14
33.14
33.14
33.14
33.14
33.14
33.14
33.12
33.12
33.12
33.06
33.06
33.06
33.02
33.02
33.02
33.02
32.86
32.68
32.6
32.6
32.6
32.54
32.46
32.46
32.3
32.3
32.3
32.3
32.3
32.14
32.1
32.1
32.1
32.1
31.82
31.82
31.76
31.76
31.76
31.76
31.76
31.76
31.76
31.76
31.76
31.76
31.74
31.74
31.74
31.74
31.74
31.72
31.72
31.72
31.72
31.72
31.72
31.72
31.72
31.62
31.62
31.54
31.48
31.18
31.18
31.18
31.18
31.18
31.14
31.14
31.12
31.1
31.04
31.02
30.96
30.96
30.96
30.96
30.94
30.94
30.94
30.9
30.9
30.84
30.84
30.84
30.84
30.72
30.72
30.72
30.72
30.7
30.62
30.62
30.62
30.6
30.5
30.5
30.46
30.46
30.46
30.46
30.4
30.4
30.4
30.4
30.38
30.34
30.24
30.24
30.22
29.98
29.98
29.98
29.98
29.98
29.96
29.86
29.86
29.62
29.6
29.54
29.48
29.48
29.48
29.48
29.48
29.48
29.48
29.38
29.34
29.34
29.34
29.34
29.32
29.32
29.32
29.32
29.32
29.32
29.32
29.32
29.32
29.32
29.32
29.32
29.24
29.24
29.16
28.96
28.96
28.72
28.72
28.72
28.68
28.68
28.68
28.64
28.64
28.64
28.62
28.62
28.5
28.5
28.5
28.3
28.3
28.28
28.18
28.18
27.98
27.88
27.88
27.88
27.88
27.88
27.88
27.88
27.88
27.88
27.84
27.84
27.78
27.58
27.58
27.42
27.42
27.42
27.42
27.42
27.42
27.42
27.42
27.42
27.4
27.4
27.12
26.9
26.9
26.9
26.9
26.9
26.9
26.9
26.9
26.9
26.9
26.9
26.9
26.86
26.86
26.86
26.86
26.82
26.74
26.62
26.62
26.52
26.5
26.3
26.3
26.3
26.26
26.2
26.18
26.18
26.18
26.18
26.18
26.16
26.14
26.14
26.14
26.14
26.1
26.1
26.1
26.1
26.1
26.1
26.1
26.1
26.1
26.1
26.1
26.1
26.1
26.1
26.02
26.02
26.02
26.02
26.02
26.02
25.96
25.96
25.96
25.92
25.92
25.92
25.92
25.92
25.9
25.9
25.82
25.66
25.66
25.52
25.4
25.4
25.34
25.18
25.18
25.18
25.04
24.96
24.96
24.96
24.96
24.86
24.86
24.86
24.86
24.86
24.86
24.82
24.8
24.8
24.8
24.8
24.8
24.78
24.78
24.78
24.7
24.52
24.52
24.48
24.48
24.44
24.42
24.42
24.42
24.42
24.4
24.4
24.4
24.4
24.4
24.4
24.32
24.06
24.06
24.06
24.06
23.96
23.96
23.96
23.96
23.96
23.96
23.96
23.96
23.96
23.92
23.92
23.92
23.78
23.78
23.78
23.78
23.64
23.64
23.64
23.64
23.64
23.58
23.58
23.58
23.58
23.56
23.56
23.56
23.56
23.56
23.56
23.56
23.56
23.56
23.56
23.54
23.44
23.44
23.44
23.4
23.4
23.4
23.4
23.4
23.4
23.38
23.38
23.32
23.24
23.22
23.22
23.22
23.22
23.04
23
22.92
22.78
22.78
22.78
22.78
22.78
22.78
22.78
22.78
22.78
22.78
22.78
22.78
22.78
22.78
22.64
22.56
22.56
22.56
22.56
22.56
22.56
22.56
22.56
22.54
22.5
22.5
22.5
22.42
22.42
22.42
22.28
22.28
22.26
22.26
22.26
22.26
22.26
22.24
22.24
22.08
22.08
22.04
22.04
22.02
22.02
21.9
21.9
21.9
21.9
21.9
21.9
21.9
21.88
21.88
21.88
21.8
21.74
21.74
21.68
21.68
21.68
21.68
21.68
21.68
21.68
21.68
21.68
21.68
21.68
21.68
21.68
21.68
21.68
21.58
21.58
21.58
21.58
21.58
21.56
21.56
21.46
21.46
21.46
21.46
21.46
21.46
21.4
21.4
21.4
21.4
21.4
21.4
21.4
21.3
21.18
21.18
21.14
21.14
21.14
21.14
21.14
21.14
21.14
21.14
21.14
21.1
21.06
21.06
21.06
21.06
20.96
20.94
20.94
20.94
20.82
20.8
20.8
20.8
20.8
20.8
20.8
20.8
20.8
20.8
20.8
20.8
20.76
20.76
20.72
20.7
20.7
20.7
20.7
20.7
20.7
20.7
20.7
20.7
20.7
20.68
20.66
20.5
20.46
20.28
20.28
20.28
20.26
20.26
20.26
20.26
20.26
20.26
20.26
20.26
20.26
20.24
20.24
20.24
20.24
20.18
20.16
20.16
20.16
19.94
19.94
19.94
19.94
19.94
19.94
19.94
19.94
19.94
19.94
19.94
19.94
19.94
19.94
19.94
19.94
19.94
19.86
19.86
19.86
19.86
19.82
19.82
19.8
19.8
19.8
19.8
19.8
19.8
19.8
19.8
19.8
19.8
19.8
19.64
19.64
19.64
19.62
19.62
19.42
19.42
19.42
19.42
19.42
19.42
19.42
19.42
19.42
19.42
19.42
19.42
19.42
19.38
19.38
19.38
19.36
19.36
19.36
19.32
19.32
19.2
19.14
19.1
19.1
18.88
18.88
18.88
18.88
18.88
18.88
18.88
18.8
18.76
18.76
18.68
18.68
18.66
18.66
18.66
18.66
18.66
18.66
18.66
18.66
18.66
18.66
18.6
18.48
18.48
18.48
18.42
18.42
18.42
18.38
18.38
18.36
18.36
18.36
18.36
18.36
18.36
18.36
18.36
18.36
18.36
18.36
18.36
18.36
18.36
18.26
18.26
18.22
18.22
18.22
18.22
18.22
18.22
18.12
18.12
18.12
18.12
18.1
18.1
18.1
18.1
18.1
18.1
18.1
18.1
18.1
18.1
18.08
18.08
18.02
18.02
18.02
18
17.88
17.88
17.88
17.88
17.88
17.88
17.88
17.88
17.88
17.88
17.76
17.76
17.76
17.76
17.76
17.72
17.72
17.72
17.72
17.72
17.72
17.72
17.48
17.48
17.48
17.44
17.44
17.42
17.42
17.42
17.4
17.24
17.24
17.24
17.2
17.2
17.2
17.2
17.2
17.2
17.2
17.2
17.16
17.16
17.16
17.16
17.16
17.16
17.16
17.16
17.16
17.16
17.16
17.1
17.1
17.1
17.1
17.1
17.06
17.06
17.06
17.06
17.06
17
16.98
16.98
16.98
16.98
16.96
16.96
16.96
16.96
16.96
16.96
16.96
16.96
16.96
16.96
16.96
16.92
16.92
16.86
16.86
16.86
16.78
16.78
16.74
16.74
16.74
16.74
16.74
16.74
16.74
16.7
16.68
16.68
16.58
16.58
16.58
16.58
16.56
16.56
16.56
16.56
16.56
16.56
16.56
16.56
16.56
16.56
16.54
16.54
16.54
16.54
16.54
16.54
16.52
16.52
16.52
16.52
16.52
16.48
16.48
16.46
16.46
16.32
16.32
16.32
16.32
16.32
16.32
16.28
16.24
16.24
16.2
16.08
16.08
16.04
16.04
16.04
15.98
15.98
15.98
15.98
15.98
15.98
15.98
15.98
15.98
15.94
15.92
15.9
15.9
15.9
15.86
15.82
15.82
15.82
15.82
15.82
15.82
15.82
15.82
15.72
15.72
15.72
15.72
15.72
15.72
15.72
15.72
15.72
15.72
15.72
15.72
15.72
15.72
15.72
15.72
15.72
15.64
15.58
15.58
15.52
15.52
15.52
15.52
15.48
15.48
15.44
15.42
15.42
15.42
15.42
15.3
15.3
15.3
15.3
15.3
15.3
15.22
15.22
15.22
15.22
15.2
15.2
15.18
15.16
15.14
15.14
15.1
15.06
15.02
14.98
14.98
14.98
14.96
14.96
14.96
14.94
14.94
14.94
14.94
14.92
14.9
14.84
14.82
14.82
14.82
14.82
14.82
14.8
14.8
14.8
14.78
14.78
14.74
14.74
14.74
14.74
14.74
14.74
14.7
14.7
14.7
14.7
14.7
14.7
14.7
14.7
14.68
14.68
14.66
14.66
14.66
14.66
14.66
14.66
14.64
14.62
14.54
14.54
14.54
14.44
14.44
14.44
14.44
14.44
14.44
14.44
14.44
14.44
14.44
14.44
14.44
14.44
14.44
14.44
14.44
14.44
14.44
14.44
14.44
14.44
14.38
14.34
14.34
14.32
14.32
14.32
14.28
14.26
14.26
14.26
14.26
14.26
14.26
14.18
14.18
14.16
14.1
14.08
14.08
14.06
14.06
14.06
13.96
13.96
13.96
13.82
13.64
13.64
13.62
13.56
13.56
13.56
13.56
13.56
13.56
13.56
13.56
13.56
13.48
13.48
13.48
13.4
13.32
13.32
13.32
13.32
13.32
13.32
13.32
13.32
13.32
13.32
13.3
13.3
13.3
13.3
13.3
13.3
13.26
13.26
13.26
13.24
13.24
13.24
13.24
13.24
13.22
13.22
13.18
13.18
13.18
13.18
13.18
13.18
13.18
13.18
13.16
13.16
13.16
13.16
13.16
13.14
13.14
13.14
13.14
13.14
13.14
13.14
13.14
13.14
13.14
13.12
13.12
13.12
13.12
13.12
13.12
13.12
13.12
13.12
13.12
13.12
13.12
13.12
13.1
13.1
13.1
13.06
12.98
12.98
12.82
12.82
12.82
12.82
12.82
12.8
12.78
12.66
12.66
12.66
12.66
12.66
12.66
12.64
12.64
12.58
12.56
12.56
12.56
12.56
12.56
12.56
12.56
12.56
12.56
12.52
12.52
12.52
12.52
12.52
12.52
12.52
12.4
12.4
12.4
12.4
12.4
12.4
12.4
12.36
12.36
12.36
12.34
12.32
12.32
12.32
12.32
12.32
12.28
12.28
12.26
12.26
12.26
12.26
12.26
12.26
12.26
12.26
12.26
12.26
12.22
12.2
12.08
12.08
12.06
12.06
12.06
12.06
12.06
12.06
12.06
12.06
12.04
12.04
12.04
12.04
12.04
12.02
12.02
12.02
12.02
12.02
11.96
11.96
11.96
11.96
11.96
11.96
11.94
11.94
11.94
11.94
11.94
11.9
11.9
11.9
11.9
11.88
11.88
11.88
11.88
11.88
11.88
11.76
11.76
11.74
11.74
11.74
11.74
11.74
11.74
11.74
11.74
11.74
11.74
11.72
11.66
11.54
11.54
11.54
11.54
11.54
11.52
11.52
11.52
11.52
11.52
11.52
11.52
11.52
11.52
11.42
11.42
11.4
11.4
11.4
11.38
11.38
11.38
11.38
11.34
11.34
11.34
11.34
11.3
11.28
11.26
11.26
11.26
11.24
11.24
11.24
11.24
11.22
11.22
11.22
11.22
11.22
11.22
11.2
11.2
11.2
11.2
11.2
11.2
11.2
11.16
11.16
11.16
11.16
11.1
11.02
11.02
11
11
11
11
11
11
11
11
11
11
11
10.98
10.98
10.98
10.98
10.98
10.92
10.92
10.92
10.92
10.92
10.78
10.76
10.76
10.76
10.76
10.74
10.74
10.74
10.7
10.66
10.66
10.6
10.6
10.6
10.54
10.54
10.54
10.54
10.54
10.54
10.54
10.52
10.52
10.5
10.48
10.44
10.44
10.44
10.38
10.38
10.32
10.32
10.32
10.3
10.28
10.26
10.26
10.26
10.26
10.24
10.24
10.24
10.24
10.24
10.2
10.18
10.14
10.14
10.14
10.14
10.14
10.14
10.14
10.14
10.14
10.14
10.14
10.14
10.12
10.12
10.12
10.12
10.12
10.12
10.12
10.12
10.12
10.12
10.08
10.08
10.04
10.04
10.04
10.04
10.04
10.04
10.04
10.04
10.04
10.04
10.04
10.02
10.02
10.02
10.02
10.02
10.02
10.02
10.02
10.02
10.02
10.02
9.94
9.94
9.9
9.9
9.86
9.86
9.86
9.86
9.86
9.86
9.82
9.76
9.76
9.76
9.76
9.76
9.76
9.76
9.76
9.76
9.7
9.68
9.64
9.62
9.62
9.62
9.62
9.62
9.62
9.62
9.62
9.62
9.62
9.62
9.62
9.62
9.62
9.62
9.56
9.52
9.52
9.52
9.52
9.52
9.5
9.5
9.44
9.44
9.44
9.44
9.44
9.4
9.4
9.4
9.4
9.4
9.4
9.4
9.36
9.36
9.36
9.36
9.36
9.36
9.36
9.34
9.34
9.34
9.34
9.32
9.32
9.32
9.32
9.32
9.32
9.32
9.32
9.32
9.3
9.3
9.24
9.24
9.24
9.24
9.24
9.24
9.24
9.24
9.24
9.12
9.12
9.1
9.08
9.08
9.08
9.08
9.08
9.08
9.08
9.08
9.08
9.08
9.08
9.08
9.08
9.08
9.08
9.06
9.06
9.06
9.06
9.04
9.04
9.04
9.04
9.04
9.04
9.04
9.04
9.04
9.04
9.04
9.04
9.02
9.02
9
9
9
9
9
9
9
9
9
9
9
8.98
8.98
8.94
8.94
8.94
8.94
8.94
8.94
8.9
8.9
8.88
8.88
8.88
8.88
8.86
8.86
8.86
8.86
8.86
8.84
8.84
8.84
8.78
8.78
8.78
8.78
8.78
8.78
8.78
8.78
8.78
8.78
8.78
8.78
8.78
8.74
8.74
8.74
8.74
8.74
8.74
8.72
8.72
8.72
8.72
8.72
8.66
8.66
8.66
8.66
8.66
8.66
8.66
8.66
8.66
8.66
8.66
8.66
8.66
8.6
8.58
8.58
8.56
8.56
8.52
8.52
8.52
8.52
8.52
8.52
8.52
8.48
8.48
8.46
8.46
8.46
8.44
8.44
8.44
8.44
8.44
8.42
8.42
8.42
8.4
8.4
8.32
8.28
8.28
8.28
8.28
8.28
8.28
8.28
8.26
8.24
8.24
8.24
8.24
8.24
8.24
8.24
8.24
8.24
8.24
8.24
8.24
8.22
8.22
8.22
8.22
8.22
8.22
8.22
8.22
8.2
8.2
8.2
8.18
8.18
8.16
8.16
8.16
8.14
8.1
8.1
8.1
8.1
8.1
8.1
8.1
8.1
8.1
8.1
8.1
8.1
8.1
8.1
8.08
8.06
8.06
8.06
8.06
8.06
8
8
8
8
8
8
8
8
8
8
8
8
8
8
7.98
7.98
7.98
7.98
7.98
7.98
7.98
7.98
7.98
7.96
7.96
7.94
7.94
7.94
7.9
7.9
7.82
7.82
7.82
7.8
7.76
7.76
7.76
7.76
7.76
7.7
7.7
7.7
7.7
7.68
7.68
7.66
7.6
7.6
7.6
7.56
7.54
7.54
7.52
7.52
7.52
7.52
7.48
7.48
7.46
7.46
7.46
7.46
7.46
7.46
7.46
7.46
7.46
7.44
7.44
7.44
7.42
7.42
7.42
7.42
7.42
7.42
7.42
7.42
7.42
7.34
7.34
7.34
7.34
7.32
7.32
7.32
7.28
7.28
7.28
7.28
7.22
7.22
7.22
7.22
7.18
7.18
7.18
7.18
7.16
7.16
7.16
7.12
7.1
7.1
7.1
7.1
7.1
7.1
7.1
7.06
7.06
7.04
7.04
7.02
7.02
7.02
7.02
7.02
6.96
6.96
6.96
6.96
6.96
6.96
6.96
6.96
6.96
6.96
6.96
6.96
6.96
6.94
6.94
6.94
6.88
6.88
6.88
6.84
6.82
6.82
6.82
6.82
6.82
6.82
6.8
6.76
6.74
6.74
6.74
6.74
6.74
6.74
6.72
6.72
6.72
6.72
6.72
6.72
6.72
6.7
6.7
6.7
6.7
6.7
6.7
6.7
6.7
6.7
6.68
6.68
6.68
6.68
6.68
6.68
6.68
6.68
6.68
6.68
6.68
6.68
6.68
6.68
6.68
6.68
6.66
6.64
6.64
6.62
6.62
6.62
6.62
6.62
6.62
6.62
6.62
6.62
6.62
6.6
6.58
6.58
6.58
6.58
6.58
6.58
6.56
6.56
6.56
6.56
6.56
6.54
6.54
6.54
6.52
6.52
6.52
6.52
6.52
6.52
6.52
6.52
6.52
6.5
6.5
6.5
6.5
6.5
6.5
6.5
6.5
6.5
6.48
6.46
6.46
6.46
6.44
6.44
6.44
6.42
6.42
6.42
6.42
6.42
6.42
6.42
6.42
6.42
6.4
6.4
6.4
6.4
6.4
6.4
6.32
6.32
6.32
6.32
6.32
6.32
6.32
6.32
6.32
6.32
6.32
6.32
6.32
6.32
6.32
6.28
6.28
6.28
6.28
6.28
6.28
6.28
6.24
6.24
6.24
6.24
6.2
6.2
6.2
6.16
6.16
6.16
6.14
6.14
6.14
6.14
6.14
6.1
6.1
6.1
6.1
6.1
6.1
6.1
6.1
6.08
6.08
6.06
6.06
6.06
6.02
6.02
6.02
6.02
6.02
6.02
6.02
6.02
6.02
6.02
6.02
6.02
6.02
5.98
5.98
5.96
5.94
5.94
5.92
5.92
5.92
5.88
5.88
5.84
5.84
5.82
5.82
5.82
5.82
5.82
5.82
5.82
5.82
5.82
5.82
5.82
5.78
5.78
5.78
5.78
5.78
5.76
5.76
5.74
5.74
5.74
5.7
5.7
5.7
5.7
5.66
5.66
5.64
5.64
5.64
5.64
5.62
5.6
5.56
5.56
5.54
5.54
5.54
5.54
5.54
5.54
5.54
5.54
5.54
5.54
5.52
5.52
5.52
5.52
5.52
5.52
5.52
5.52
5.52
5.52
5.52
5.52
5.52
5.52
5.52
5.52
5.52
5.52
5.52
5.52
5.52
5.52
5.52
5.52
5.52
5.5
5.48
5.46
5.46
5.46
5.46
5.4
5.4
5.4
5.4
5.4
5.4
5.4
5.4
5.4
5.4
5.4
5.4
5.4
5.4
5.4
5.38
5.38
5.38
5.38
5.38
5.38
5.38
5.38
5.38
5.38
5.38
5.38
5.34
5.34
5.34
5.34
5.32
5.32
5.32
5.32
5.32
5.3
5.28
5.28
5.28
5.28
5.28
5.28
5.28
5.28
5.28
5.26
5.26
5.26
5.26
5.26
5.26
5.26
5.26
5.24
5.24
5.24
5.24
5.24
5.22
5.22
5.22
5.22
5.2
5.2
5.2
5.2
5.2
5.2
5.2
5.2
5.2
5.2
5.2
5.2
5.2
5.2
5.2
5.2
5.18
5.18
5.18
5.16
5.16
5.16
5.16
5.16
5.16
5.16
5.16
5.16
5.16
5.12
5.08
5.08
5.08
5.08
5.08
5.08
5.08
5.04
5.04
5.04
5.04
5.04
5.04
5.02
5.02
5.02
5.02
5.02
5
4.98
4.96
4.96
4.96
4.96
4.96
4.96
4.96
4.96
4.88
4.86
4.84
4.84
4.84
4.84
4.84
4.84
4.84
4.84
4.84
4.82
4.82
4.82
4.82
4.78
4.78
4.78
4.76
4.76
4.76
4.76
4.76
4.76
4.76
4.76
4.74
4.72
4.72
4.72
4.72
4.72
4.72
4.68
4.66
4.66
4.66
4.66
4.66
4.66
4.66
4.66
4.66
4.66
4.66
4.66
4.66
4.64
4.64
4.64
4.64
4.62
4.62
4.62
4.62
4.62
4.62
4.62
4.62
4.62
4.62
4.62
4.62
4.62
4.62
4.58
4.58
4.58
4.58
4.58
4.58
4.58
4.58
4.56
4.56
4.56
4.54
4.54
4.54
4.54
4.54
4.54
4.52
4.52
4.52
4.52
4.52
4.52
4.52
4.52
4.52
4.52
4.52
4.52
4.52
4.52
4.52
4.52
4.52
4.52
4.52
4.48
4.46
4.46
4.46
4.46
4.46
4.46
4.46
4.46
4.46
4.46
4.46
4.46
4.46
4.46
4.46
4.46
4.46
4.46
4.46
4.46
4.46
4.46
4.46
4.44
4.44
4.44
4.42
4.42
4.42
4.42
4.42
4.4
4.38
4.38
4.38
4.38
4.38
4.38
4.38
4.38
4.38
4.34
4.34
4.34
4.32
4.3
4.3
4.3
4.3
4.3
4.3
4.3
4.26
4.26
4.26
4.26
4.26
4.26
4.26
4.26
4.26
4.26
4.26
4.22
4.22
4.18
4.18
4.18
4.18
4.18
4.18
4.14
4.14
4.14
4.14
4.12
4.12
4.1
4.1
4.1
4.1
4.1
4.1
4.1
4.1
4.1
4.1
4.1
4.1
4.1
4.1
4.1
4.08
4.08
4.08
4.08
4.08
4.08
4.08
4.08
4.08
4.08
4.08
4.08
4.06
4.06
4.06
4.02
4.02
4.02
4.02
3.98
3.98
3.98
3.96
3.96
3.96
3.96
3.96
3.96
3.96
3.96
3.96
3.96
3.96
3.96
3.96
3.96
3.96
3.94
3.94
3.94
3.9
3.9
3.9
3.9
3.9
3.88
3.88
3.88
3.88
3.82
3.82
3.82
3.82
3.82
3.82
3.82
3.8
3.8
3.8
3.8
3.8
3.8
3.8
3.8
3.8
3.8
3.8
3.76
3.76
3.76
3.76
3.76
3.72
3.72
3.68
3.68
3.68
3.68
3.68
3.68
3.68
3.68
3.68
3.68
3.68
3.68
3.68
3.68
3.68
3.68
3.68
3.68
3.66
3.66
3.66
3.66
3.66
3.66
3.66
3.66
3.66
3.66
3.66
3.66
3.66
3.66
3.66
3.66
3.66
3.66
3.66
3.66
3.66
3.66
3.66
3.66
3.66
3.66
3.66
3.66
3.66
3.64
3.64
3.64
3.64
3.6
3.6
3.6
3.58
3.56
3.56
3.56
3.56
3.52
3.52
3.52
3.52
3.52
3.48
3.48
3.48
3.48
3.48
3.48
3.46
3.46
3.44
3.44
3.42
3.42
3.42
3.42
3.42
3.42
3.42
3.42
3.42
3.42
3.42
3.42
3.42
3.4
3.4
3.4
3.4
3.4
3.4
3.4
3.4
3.4
3.4
3.4
3.4
3.38
3.38
3.38
3.38
3.38
3.38
3.38
3.38
3.36
3.34
3.34
3.34
3.34
3.34
3.34
3.34
3.34
3.32
3.32
3.32
3.32
3.32
3.32
3.32
3.3
3.3
3.3
3.3
3.3
3.3
3.3
3.28
3.28
3.26
3.26
3.26
3.26
3.26
3.26
3.26
3.26
3.26
3.26
3.2
3.18
3.18
3.16
3.16
3.14
3.14
3.12
3.12
3.12
3.12
3.1
3.1
3.1
3.08
3.06
3.02
3.02
3.02
3.02
3.02
3.02
3.02
3.02
3.02
3.02
3.02
3
3
3
3
3
3
3
3
3
3
3
3
3
3
3
3
3
3
3
3
3
3
3
3
3
3
3
3
3
3
3
3
3
3
3
3
3
3
3
3
3
3
3
3
3
3
3
3
3
3
3
3
3
3
3
3
3
3
2.98
2.98
2.98
2.98
2.98
2.98
2.98
2.98
2.98
2.98
2.98
