61290.9
61290.9
61070.8
60576.5
60390.9
59954.5
59954.5
59935.2
59910.3
59885.9
59367.6
59192.7
58729.8
58687.5
58536.9
58536.9
58526.4
58073
57970.6
57970.6
57783
57783
57629.5
57236.5
57137.8
56841.9
56824.4
56362.9
56362.9
56362.9
56211.7
56211.7
55966.8
55534.8
55417
55417
55410.4
55410.4
55410.4
54912.1
54912.1
54912.1
54912.1
54912.1
54912.1
54912.1
54759.3
54239.4
54239.4
54239.4
54212.4
54120.3
54120.3
54024.8
53982.3
53982.3
53784.1
53784.1
53757.7
53640.9
53427.7
53427.7
53216.5
53122.3
53122.3
52596.4
52596.4
52366.3
52230.2
52230.2
52230.2
52104
52104
51977.2
51977.2
51977.2
51977.2
51975.1
51975.1
51608.4
51586.6
51373.1
51373.1
51368.8
51360.2
51360.2
51355.1
51355.1
51296.4
51296.4
51296.4
51173.4
51155.8
51155.8
50937.8
50871.5
50871.5
50871.5
50871.5
50871.5
50846.2
50800.7
50800.7
50640.8
50313.3
50267.3
50213.7
50016.8
49915.4
49557.9
49542
49423.8
49423.8
49167.4
49065.8
49048.8
48744.4
48465.8
48465.8
48270.1
48270.1
48059.9
48015.8
47713.6
47686.8
47642.6
47581.5
47278.6
47278.6
47278.6
47278.6
47278.6
47278.6
47168.5
47168.5
47096.9
46982.6
46941.9
46941.9
46729.5
46690.4
46514.1
46504.5
46384.8
46005.3
45957
45689.2
45384.5
45105.5
45105.5
45105.5
45105.5
45060.6
45060.6
44962
44962
44907.9
44867.9
44809.6
44723.2
44690.8
44690.8
44680
44680
44627.1
44582.4
44562.4
44507.5
44396.6
44396.6
44396.6
44396.6
44396.6
44347.2
44347.2
44347.2
44347.2
44238
44221.6
44140.2
44087.7
44087.7
44087.7
44030.2
44030.2
43825.3
43825.3
43754.4
43754.4
43754.4
43735.1
43735.1
43735.1
43735.1
43735.1
43735.1
43735.1
43735.1
43644.7
43644.7
43111
42645.9
42645.9
42573.4
42538.9
42538.9
42515.5
42337.9
42234.4
42080.5
41852.1
41852.1
41794.4
41571.4
41571.4
41565.4
41565.4
41432.8
41432.8
41432.8
41272.9
41167.1
41167.1
40899.5
40899.5
40899.5
40899.5
40731.5
40501.1
40501.1
40501.1
40301.2
40278.3
40246.3
40246.3
40017
40017
39974.2
39974.2
39931.3
39931.3
39822.3
39822.3
39822.3
39630.3
39630.3
39616.1
39599.1
39599.1
39599.1
39599.1
39399.1
39399.1
38895.9
38726.8
38726.8
38726.8
38712
38712
38712
38593.4
38459.7
38206.8
38206.8
38206.8
38199.3
38020.2
38012.5
37922.2
37922.2
37922.2
37922.2
37912
37784.2
37784.2
37607.7
37523.7
37523.7
37523.7
37487.6
37487.6
37487.6
37487.6
37487.6
37487.6
37487.6
37487.6
37487.6
37487.6
37487.6
37487.6
37478.8
37466.8
37368.3
37348.7
37348.7
37348.7
37348.7
37348.7
37348.7
37348.7
37189.1
37189.1
37189.1
37111.9
37110.9
37110.9
37082.5
37082.5
37082.5
37060.9
36935.8
36840.3
36816
36816
36816
36757.1
36646.9
36646.9
36646.9
36646.9
36359.5
36359.5
36359.5
36359.5
36357.2
36357.2
36290.3
36290.3
36290.3
36290.3
36239.2
36026.3
35960.5
35960.5
35770.2
35714.9
35714.9
35714.9
35417.3
35377.9
35370.5
35370.5
35370.5
35293.3
35239
35232.7
35120.8
35120.8
34864
34864
34864
34820.7
34820.7
34620.2
34517.4
34517.4
34475.8
34475.8
34344.4
34344.4
34344.4
34197.5
34197.5
34197.5
34197.5
34147.3
33909.1
33847.9
33756
33756
33737.5
33498
33498
33498
33498
33498
33498
33453
33307.7
33246.4
33246.4
33246.4
33246.4
33095.6
33095.6
32941
32913
32913
32913
32913
32913
32913
32767.3
32623.9
32613.6
32613.6
32613.6
32613.6
32613.6
32613.6
32573.2
32573.2
32478.4
32395.4
32221.1
32148.6
32148.6
32107.6
32045.3
32045.3
31781.7
31682
31635.4
31626.4
31626.4
31626.4
31517.7
31428.6
31381.2
31381.2
31376.6
31372
31372
31372
31372
31275.2
31161.4
31161.4
31138.5
31138.5
31138.5
31138.5
31138.5
31138.5
31118.7
31118.7
31118.7
31095.5
31095.5
31063.9
31037.9
31037.9
31037.9
31014.4
30957.6
30786.8
30786.8
30786.8
30782.8
30782.8
30782.8
30768.6
30768.6
30689.7
30689.7
30639.2
30639.2
30639.2
30556.1
30556.1
30556.1
30414.5
30414.5
30339.3
30339.3
30209.9
30175.7
30138.3
30075.7
30056.4
30056.4
30056.4
30049.7
29999.1
29999.1
29986
29986
29986
29789.1
29789.1
29720.2
29720.2
29607.6
29559
29551.9
29499
29499
29499
29499
29499
29459.9
29439
29439
29429.5
29427
29414.9
29414.9
29414.9
29414.9
29358.9
29346.7
29235.1
28996.7
28983.5
28983.5
28983.5
28983.5
28983.5
28943.5
28924
28861.2
28590.6
28571.8
28571.8
28550.5
28543.3
28343.2
28343.2
28343.2
28253.2
28248.1
28248.1
28248.1
28248.1
28248.1
28233.1
28187.3
28187.3
28136.1
28136.1
28025.3
27959.9
27959.9
27959.9
27928.7
27928.7
27782.6
27691.1
27691.1
27691.1
27691.1
27634.5
27634.5
27501.4
27501.4
27501.4
27501.4
27258.5
27205.8
27205.8
27032.5
27016.3
27016.3
26890.3
26830.5
26766.8
26702.4
26702.4
26702.4
26651.3
26651.3
26638.6
26638.6
26638.6
26624.7
26624.7
26541.8
26541.8
26541.8
26541.8
26456.6
26456.6
26456.6
26444.7
26444.7
26444.7
26444.7
26432.6
26432.6
26432.6
26432.6
26432.6
26356.8
26356.8
26321.3
26321.3
26321.3
26250.4
26250.4
26250.4
26250.4
26250.4
26250.4
26163.6
26009.3
26009.3
26009.3
25918.8
25918.8
25593
25593
25593
25537.8
25537.8
25452.3
25452.3
25452.3
25446.3
25446.1
25446.1
25419.6
25419.6
25419.6
25419.6
25419.6
25363.4
25198.6
25129.9
25129.9
25129.9
25057.9
25057.9
24991.1
24991.1
24991.1
24991.1
24991.1
24991.1
24991.1
24973.9
24956.6
24956.6
24956.6
24956.6
24956.6
24946.9
24848.7
24735.6
24735.6
24698.3
24698.3
24605.5
24605.5
24551.8
24551.8
24551.2
24551.2
24551.2
24551.2
24473.9
24414
24389.7
24332.2
24332.2
24332.2
24320.9
24073.2
24073.2
24073.2
23979.6
23819.2
23819.2
23817.4
23817.4
23817.4
23653.1
23574
23574
23574
23574
23574
23574
23574
23574
23574
23574
23574
23574
23530.1
23496.8
23496.8
23496.8
23496.8
23496.8
23434.4
23434.4
23417.1
23344.5
23344.5
23344.5
23344.5
23344.5
23344.5
23331.9
23146.9
23071.7
23071.7
23071.7
23040.4
23040.4
23040.4
23040.4
22886.2
22854.5
22854.5
22854.5
22854.5
22852.3
22852.3
22693.4
22681.5
22681.5
22681.5
22681.5
22678.2
22678.2
22556
22518.4
22518.4
22518.4
22518.4
22518.4
22489.8
22489.8
22489.8
22392.9
22280
22251.7
22245.5
21992.4
21992.4
21992.4
21868
21605.1
21605.1
21543.4
21543.4
21543.4
21543.4
21543.4
21521.3
21521.3
21403.9
21403.9
21403.9
21403.9
21388.6
21388.6
21388.6
21388.6
21343.9
21278.3
21278.2
21272.8
21272.8
21228.4
21221.3
21218.3
21218.3
21156.9
21156.9
21156.9
21156.9
21156.9
21156.9
21156.9
21156.9
21156.9
21097.2
21097.2
21097.2
21097.2
21097.2
21097.2
21097.2
21097.2
21097.2
21047.4
21047.4
21032.3
21032.3
21029.2
20859.4
20859.4
20837.7
20818.6
20818.6
20818.6
20815.2
20800.3
20800.3
20800.3
20800.3
20758.2
20758.2
20731
20731
20731
20731
20731
20731
20731
20689.7
20646.1
20646.1
20630.6
20630.6
20504.8
20503.6
20407
20276.9
20276.9
20206.2
20206.2
20206.2
20190.3
20132.6
20023.8
19911.3
19911.2
19911.2
19911.2
19902.7
19902.7
19879.4
19863.5
19863.5
19863.5
19863.5
19863.5
19863.5
19863.5
19741.8
19701.7
19701.7
19686.1
19686.1
19668.8
19665.6
19665.6
19665.6
19665.6
19650.3
19650.3
19650.3
19641.8
19641.8
19641.8
19543.4
19543.4
19391.8
19391.8
19391.8
19314.6
19314.6
19115.7
19104.9
19104.9
19104.9
19023.6
19006.4
19006.4
18961
18961
18931
18931
18830.4
18802.4
18802.4
18802.4
18784.4
18775.8
18775.8
18770.5
18754.9
18673.2
18673.2
18564.7
18564.7
18564.7
18564.7
18564.7
18451.8
18451.8
18451.8
18451.8
18380.4
18380.4
18380.4
18374.1
18374.1
18374.1
18374.1
18331.6
18331.6
18285.4
18285.4
18285.4
18270.9
18104.3
18104.3
18104.3
18071.2
18071.2
18061.4
18061.4
17994.5
17989.9
17989.9
17989.9
17895.4
17730.3
17730.3
17692.9
17692.9
17692.9
17617.2
17386
17377.7
17377.7
17377.7
17308.3
17229.3
17229.3
17229.3
17229.3
17229.3
17229.3
17201
17201
17201
17201
17130.8
17130.8
17108.8
17108.8
17079.5
17016.3
16945.6
16945.6
16945.6
16945.6
16903.9
16903.9
16903.9
16903.9
16903.9
16903.9
16903.9
16903.9
16832.7
16810.1
16810.1
16797
16797
16797
16797
16756.6
16735.5
16614.6
16614.6
16588
16571.5
16554.9
16538.9
16515.7
16515.7
16515.7
16515.7
16515.7
16515.7
16458.4
16458.4
16398
16398
16398
16398
16398
16398
16398
16365.3
16302.9
16302.9
16302.9
16302.9
16302.9
16302.9
16302.9
16288.7
16284.8
16284.8
16284.8
16284.8
16229.3
16229.3
16221.9
16053.5
16053.5
16053.5
16048
16048
16048
16043.1
16043.1
16043.1
15894.6
15889
15889
15889
15889
15889
15889
15889
15889
15889
15889
15889
15823.8
15813.4
15813.4
15801.6
15801.6
15711.6
15711.6
15690
15686.4
15665.2
15665.2
15665.2
15665.2
15665.2
15577.1
15570.9
15570.9
15570.9
15570.9
15570.9
15564.7
15564.7
15564.7
15556.8
15556.8
15556.8
15556.8
15556.8
15516.5
15470.1
15470.1
15470.1
15470.1
15402.1
15397.4
15397.4
15397.4
15397.4
15310.4
15249.3
15249.3
15249.3
15246
15246
15243.6
15236.5
15204.4
15177.7
15143.2
15123.9
15123.9
15123.9
15123.9
15123.9
15068.8
15068.8
15068.8
15068.8
15068.8
15068.8
15068.8
15059
15059
15025.1
15025.1
15025.1
15025.1
15025.1
14862.6
14862.6
14862.6
14862.6
14862.6
14858.4
14858.4
14858.4
14743.5
14743.5
14743.5
14743.5
14743.5
14743.5
14743.5
14743.5
14726.4
14726.4
14715.5
14715.5
14548.2
14492.7
14492.7
14492.7
14487.5
14487.5
14487.5
14459.9
14459.9
14459.9
14445.9
14354.5
14354.5
14354.5
14333.4
14333.4
14333.4
14333.4
14292.6
14288.1
14279.2
14201.4
14201.4
14187.3
14187.3
14178.2
14168.6
14127.7
14109.5
14109.5
14037.5
14013.7
14013.7
14010.2
14010.2
13952.8
13952.8
13909.1
13909.1
13909.1
13879.4
13847.5
13847.5
13847.5
13847.5
13824.1
13824.1
13824.1
13802.7
13802.7
13693.1
13693.1
13689.1
13651.5
13634.5
13634.5
13607.7
13607.7
13607.7
13607.7
13607.7
13515.6
13515.6
13515.6
13515.6
13515.6
13416.7
13396.6
13396.6
13396.6
13396.6
13396.6
13391.3
13391.3
13365.4
13344.1
13344.1
13344.1
13293.7
13174.3
13174.3
13125.1
13125.1
13064.5
13049.7
13049.7
13049.7
13049.7
13049.7
13049.7
13025.3
13025.3
12999.7
12999.7
12942.1
12942.1
12842.7
12842.7
12842.7
12842.7
12842.7
12833.8
12833.8
12822.8
12822.8
12769.6
12769.6
12682.3
12682.3
12656.6
12656.6
12656.6
12552.7
12552.7
12504.6
12447
12447
12410.6
12410.6
12410.6
12392.1
12392.1
12392.1
12334.1
12334.1
12334.1
12334.1
12330.2
12307.7
12307.7
12307.7
12307.7
12307.7
12304.6
12304.6
12296
12296
12296
12262.3
12250.6
12205.3
12143.9
12137.5
12137.5
12137.4
12121.1
12094.2
12094.2
12070.8
12070.8
12070.8
12070.8
12069.1
11983
11983
11983
11906.5
11850.2
11850.2
11833
11833
11828.6
11828.6
11828.6
11828.6
11786.6
11754.7
11700.7
11700.7
11700.7
11700.7
11700.7
11700.7
11693
11693
11693
11693
11693
11662.8
11624.3
11596.7
11596.7
11596.7
11596.7
11577.7
11573.1
11573.1
11573.1
11573.1
11573.1
11573.1
11573.1
11573.1
11567.8
11567.8
11567.8
11539
11539
11504.7
11504.7
11504.7
11504.7
11499.7
11498.9
11477.2
11476.2
11476.2
11469.2
11469.2
11469.2
11469.2
11377.9
11375.1
11375.1
11360.7
11360.7
11360.7
11360.7
11351.4
11326.4
11315
11302.7
11287.1
11244.8
11244.8
11244.8
11199.3
11179.4
11051.9
11022.2
10995.7
10995.7
10995.7
10987.3
10987.3
10982.2
10979.6
10978.8
10978.8
10978.8
10942
10924.7
10879.3
10843
10814.5
10784
10718.6
10666.3
10666.3
10643.4
10612
10612
10612
10516.6
10474.2
10474.2
10474.2
10474.2
10432.5
10432.5
10432.5
10432.5
10432.5
10432.5
10432.5
10413.4
10413.4
10413.4
10413.4
10413.4
10413.4
10413.4
10413.4
10413.4
10413.4
10413.4
10413.4
10396
10396
10396
10396
10396
10396
10396
10396
10396
10396
10396
10393.7
10393.7
10393.7
10328.5
10322.9
10322.9
10306.5
10306.5
10251.9
10234.4
10234.4
10234.4
10176.9
10170.8
10170.8
10121.5
10121.5
10121.5
10121.5
10121.5
10121.5
10121.5
10121.5
10121.5
10105.3
10105.3
10105.3
10035.4
10035.4
10024.8
10024.8
10006.7
10006.7
10006.7
10006.7
10006.7
10006.7
10006.7
9899.51
9885.75
9803.47
9803.47
9762.92
9762.92
9759.08
9759.08
9759.08
9759.08
9759.08
9759.08
9732.69
9732.69
9717.67
9704
9704
9684.45
9684.45
9684.45
9616.65
9580.18
9580.18
9574.98
9561.51
9515.27
9472.96
9472.96
9472.96
9472.96
9414.37
9414.37
9414.37
9414.37
9414.37
9380.25
9380.25
9380.25
9380.25
9380.25
9310.24
9308.78
9308.78
9308.78
9308.78
9284.82
9264.96
9258.94
9258.94
9238.78
9229.94
9229.94
9158.76
9158.76
9156.8
9156.8
9137.14
9137.14
9137.14
9137.14
9137.14
9137.14
9137.14
9137.14
9137.14
9137.14
9098
9098
9091.96
9091.96
9032.82
9032.82
9032.82
9006.29
9006.29
9006.29
9006.29
9006.29
9006.29
9006.29
8990.35
8990.35
8990.35
8990.35
8990.35
8990.35
8976.82
8945.2
8945.2
8945.2
8945.2
8945.2
8945.2
8945.2
8921.71
8921.71
8911.82
8901.57
8884.33
8884.33
8884.33
8881.51
8855.37
8855.37
8846.37
8846.37
8846.37
8831.9
8831.9
8831.9
8784.31
8784.31
8784.31
8784.31
8784.31
8759.84
8759.84
8759.84
8759.84
8757.37
8757.37
8738.86
8738.86
8737.55
8737.55
8705.84
8705.84
8691.96
8691.96
8673.57
8673.57
8673.57
8646.92
8646.92
8646.92
8618.71
8618.71
8618.71
8618.71
8548.29
8548.29
8531.84
8531.84
8531.04
8531.04
8531.04
8531.04
8531.04
8531.04
8531.04
8531.04
8531.04
8426.31
8426.31
8410.94
8377.63
8377.63
8377.63
8359.94
8359.94
8359.94
8359.94
8356.22
8356.22
8337.55
8315.92
8312.96
8219.69
8219.69
8219.69
8175.33
8175.33
8175.33
8175.33
8175.33
8175.33
8175.33
8175.33
8175.33
8175.33
8175.33
8175.33
8175.33
8175.33
8149.8
8149.8
8137.18
8125.24
8125.24
8105.39
8105.39
8096.37
8074.02
8005.96
7954.88
7954.88
7924.84
7872.04
7872.04
7867.78
7856.06
7832.98
7827.78
7827.78
7823.43
7823.43
7823.43
7823.43
7823.43
7823.43
7777.63
7777.63
7777.63
7773.39
7724
7724
7713.69
7713.69
7703.75
7703.75
7672.08
7672.08
7672.08
7639.29
7611.22
7611.22
7611.22
7611.22
7611.22
7611.22
7599.53
7567.43
7567.43
7567.43
7567.43
7567.43
7567.43
7567.43
7567.43
7566.65
7566.65
7558.31
7553.51
7551.49
7538.51
7533.2
7533.2
7521.18
7519.18
7519.18
7519.18
7519.18
7519.18
7519.18
7505.2
7505.2
7505.2
7505.2
7491.22
7491.22
7491.22
7491.22
7491.22
7491.22
7491.22
7487.75
7467.73
7457.65
7449.45
7449.45
7431.8
7431.8
7431.8
7431.8
7392.57
7392.57
7392.57
7368.27
7349.69
7349.69
7324.92
7309.47
7236.22
7214.08
7214.08
7214.08
7214.08
7214.08
7214.08
7214.08
7214.08
7193.55
7193.55
7187.63
7187.63
7187.63
7187.63
7148.75
7133
7133
7133
7133
7133
7127.45
7127.45
7127.45
7127.45
7083.88
7083.88
7081.9
7081.9
7081.9
7081.9
7081.9
7064.2
7064.2
7064.2
7052.9
7052.9
7014.45
7014.45
7014.45
7009.96
7009.96
7009.96
7009.96
7009.96
6998.59
6998.59
6998.59
6998.59
6998.59
6996.39
6996.39
6993.94
6976.12
6976.12
6976.12
6973.45
6973.45
6973.45
6973.45
6973.45
6972.27
6953.06
6933.16
6932.27
6899.88
6899.88
6899.88
6899.88
6899.88
6899.88
6899.88
6899.88
6899.88
6869.1
6869.1
6853.92
6853.92
6853.92
6853.92
6853.92
6848.2
6845.67
6845.67
6845.67
6845.67
6795.29
6749.75
6749.75
6749.75
6749.75
6749.75
6723.65
6723.65
6723.65
6721.45
6709.45
6700.47
6694.75
6694.75
6694.75
6668.69
6668.69
6668.69
6668.69
6667.73
6667.73
6667.73
6655
6655
6655
6655
6655
6655
6655
6655
6655
6655
6655
6655
6627.31
6583.45
6583.45
6583.45
6568.8
6504.39
6504.39
6504.39
6504.04
6504.04
6504.04
6504.04
6504.04
6504.04
6504.04
6473
6473
6457.39
6457.39
6455.04
6455.04
6425.29
6425.29
6425.29
6425.29
6407.04
6407.04
6398.71
6388.43
6388.43
6388.43
6388.43
6388.43
6388.43
6388.43
6388.43
6388.43
6373.31
6373.31
6344.39
6344.39
6344.39
6341.33
6340.18
6340.18
6290.49
6267.75
6267.75
6263.63
6263.63
6263.63
6263.63
6263.63
6263.63
6263.63
6263.63
6263.63
6263.63
6242.92
6242.92
6242.92
6242.92
6228.31
6228.31
6228.31
6228.31
6212.27
6212.27
6204.27
6190.02
6190.02
6190.02
6190.02
6190.02
6190.02
6176.76
6132.33
6132.33
6130.98
6130.98
6118.78
6112
6111.73
6104.37
6104.37
6081.8
6053.2
6053.2
5997.98
5997.98
5997.98
5997.98
5997.98
5997.98
5997.98
5997.98
5990.96
5990.96
5982.88
5982.88
5982.88
5982.88
5982.88
5982.88
5982.88
5970.71
5970.71
5957.25
5937.82
5937.82
5937.82
5937.82
5923.31
5923.31
5923.31
5922.33
5922.33
5919.47
5908.86
5908.86
5904.18
5895.1
5895.1
5872.94
5830.27
5812
5812
5777.73
5753.75
5753.75
5744.14
5736.2
5714.69
5714.69
5710.43
5710.43
5710.43
5710.43
5704.59
5704.59
5690.33
5678.25
5670.88
5661.16
5661.16
5661.16
5653.25
5653.25
5653.25
5653.25
5647.18
5647.18
5647.18
5647.18
5647.18
5646.8
5625.9
5625.9
5625.9
5625.9
5625.9
5625.9
5594.84
5594.84
5555.24
5539.78
5539.78
5539.78
5539.45
5537.82
5537.82
5531.75
5531.75
5531.75
5531.75
5482.33
5478.22
5455.43
5436.24
5429.12
5395.86
5395.86
5395.86
5395.86
5395.86
5372.63
5372.63
5366.31
5366.31
5366.31
5285.39
5251.82
5250.04
5229.94
5181.71
5181.71
5181.71
5178.25
5173.65
5142.59
5142.59
5142.59
5109.49
5109.49
5107.82
5105.73
5099.18
5099.18
5062.06
5047.31
5047.31
5047.31
5047.31
5047.31
5039.47
5039.47
5039.47
5039.47
5017.86
5017.86
5011.67
4989.41
4989.41
4989.41
4989.41
4989.41
4989.41
4987.71
4976.18
4948.61
4948.61
4948.61
4948.61
4948.61
4934.16
4934.16
4934.16
4933.41
4933.41
4933.41
4933.41
4930.8
4930.8
4930.8
4930.8
4930.8
4928.2
4928.2
4928.2
4923.92
4915.84
4915.84
4915.84
4915.57
4915.04
4905.49
4905.49
4905.49
4905.49
4905.49
4905.49
4894.37
4894.37
4894.37
4894.37
4889.2
4881.88
4881.88
4861.47
4861.47
4854.59
4832.29
4826.94
4800.96
4800.96
4794.43
4794.43
4787.98
4787.98
4787.98
4787.98
4785.49
4785.49
4785.49
4785.49
4775.9
4775.9
4775.9
4766.67
4766.67
4763.86
4723.25
4723.25
4723.25
4716.49
4716.49
4711.53
4679.31
4679.31
4668.12
4649.9
4649.9
4611.98
4611.98
4611.98
4593.51
4593.51
4593.51
4593.51
4564.41
4564.41
4564.41
4564.41
4564.41
4564.41
4537.31
4528.9
4528.9
4494.78
4494.78
4494.78
4494.78
4476.37
4471.8
4438
4438
4438
4438
4431.16
4431.16
4431.16
4431.16
4431.16
4431.16
4431.16
4431.16
4422.12
4422.12
4422.12
4422.12
4422.12
4422.12
4422.12
4422.12
4422.12
4422.12
4422.12
4411.45
4411.45
4392.88
4392.88
4385.37
4385.37
4385.37
4374.25
4350.43
4350.43
4350.43
4350.43
4349.86
4349.86
4334.27
4329.65
4329.65
4324.76
4324.76
4324.76
4324.76
4320.22
4320.22
4320.22
4306.78
4301.63
4301.63
4297.59
4297.59
4297.59
4296.53
4296.53
4293.29
4279.18
4267.69
4245.31
4245.31
4245.31
4222.63
4212.59
4209.8
4195.67
4195.67
4187.43
4185.73
4185.73
4185.73
4159.24
4159.24
4156.22
4156.22
4156.22
4156.22
4156.22
4156.22
4156.22
4155.43
4144.76
4144.76
4144.76
4135.37
4135.37
4131.76
4119.8
4119.8
4119.8
4111.31
4108.12
4108.12
4093.33
4093.33
4093.33
4093.33
4093.33
4093.33
4093.33
4065.29
4061.88
4050.53
4050.53
4045.39
4043.57
4012.55
4009.88
4009.88
4009.88
4009.51
4008.12
4008.12
3992.61
3969.75
3969.75
3969.75
3947.59
3947.59
3947.59
3947.59
3940.1
3940.1
3940.1
3940.1
3940.1
3913.94
3913.94
3913.94
3913.94
3913.94
3913.94
3893.63
3881.35
3881.35
3877.82
3877.82
3868.61
3865.84
3851.16
3851.16
3851.16
3851.16
3842.45
3839.98
3839.98
3834.37
3831.51
3831.51
3831.51
3815.98
3786.61
3786.61
3776.82
3774.65
3774.65
3774.65
3750.76
3750.76
3685.31
3685.31
3685.31
3671.49
3671.49
3671.49
3671.49
3670.75
3670.75
3670.75
3669.51
3669.51
3669.51
3669.51
3665.04
3665.04
3665.04
3665.04
3665.04
3665.04
3665.04
3665.04
3665.04
3665.04
3664.2
3663.49
3663.49
3663.49
3663.49
3663.49
3661.18
3661.18
3661.18
3661.18
3661.18
3661.18
3661.18
3661.18
3661.18
3648.06
3648.06
3648.06
3648.06
3648.06
3648.06
3648.06
3648.06
3639.94
3633.1
3633.1
3623.65
3623.65
3621.02
3621.02
3617.88
3617.88
3617.88
3617.88
3617.88
3617.88
3617.88
3617.88
3617.63
3617.63
3617.63
3617.63
3611.67
3611.67
3601.35
3601.35
3601.35
3601.35
3601.35
3601.35
3601.35
3601.35
3601.35
3601.35
3596.76
3596.69
3596.69
3596.69
3596.69
3596.69
3584.35
3579.67
3556.98
3556.98
3547.43
3544.33
3534.08
3521.57
3518.55
3505.61
3505.61
3496.98
3496.98
3496.98
3493.24
3493.24
3493.24
3489.49
3489.49
3479.45
3479.45
3479.45
3479.45
3479.45
3479.45
3479.45
3479.45
3479.45
3479.45
3479.45
3479.45
3478.69
3478.69
3478.69
3478.69
3478.69
3478.69
3478.69
3474.59
3474.59
3463.63
3463.63
3459.37
3450.9
3450.9
3450.9
3450.9
3450.9
3450.9
3450.9
3450.9
3450.9
3450.9
3443.53
3421.88
3421.88
3400.96
3384.51
3383.22
3379.55
3379.55
3379.55
3379.55
3379.55
3379.55
3369.67
3369.67
3369.67
3369.67
3368.33
3345.37
3334.39
3334.39
3328.47
3328.47
3328.47
3316.51
3305.43
3298.94
3298.94
3298.94
3298.94
3286.65
3286.65
3283.22
3283.22
3260.2
3234.31
3234.31
3230.67
3222.84
3222.84
3222.84
3222.84
3222.84
3219.61
3219.61
3219.61
3219.61
3219.61
3219.61
3219.61
3219.61
3219.61
3219.61
3197.69
3181.94
3179.12
3179.12
3179.12
3179.12
3174.51
3168.59
3168.59
3158.29
3158.29
3147.39
3147.39
3147.39
3133.27
3129.78
3129.78
3128.88
3128.88
3127.08
3116.73
3116.73
3112.75
3112.75
3112.75
3112.75
3112.75
3112.75
3112.75
3112.75
3112.75
3094.39
3094.39
3093.51
3093.51
3076.61
3076.12
3076.12
3060.18
3053.82
3025.65
3023.14
3023.14
3018.06
3009.24
3000.65
3000.65
3000.57
3000.57
2991.86
2991.86
2991.86
2991.86
2988.8
2985.61
2985.61
2985.61
2984.9
2984.9
2968.49
2968.49
2964.39
2964.39
2951.59
2951.59
2938.47
2926.22
2926.22
2910.33
2882
2882
2879.96
2872.51
2868.37
2865.14
2865.14
2858.94
2841.69
2841.69
2841.69
2841.69
2830.86
2830.86
2830.86
2830.86
2828.75
2811.86
2811.86
2811.86
2811.86
2811.86
2810.29
2810.29
2810.29
2810.29
2810.29
2810.29
2806.59
2806.59
2806.49
2806.49
2806.49
2804.51
2804.51
2801.73
2801.73
2791.49
2791.49
2791.49
2791.49
2791.49
2791.49
2791.49
2791.49
2769.59
2755.73
2746.14
2746.14
2746.14
2743.76
2741.14
2741.14
2739.51
2739.51
2739.51
2727
2727
2727
2727
2720.53
2720.53
2714.29
2714.29
2714.29
2714.29
2712.82
2712.82
2712.82
2712.82
2712.82
2712.82
2698.92
2698.92
2698.8
2697.04
2697.04
2697.04
2697.04
2697.04
2697.04
2691.43
2691.43
2684.2
2679.18
2679.18
2676.02
2676.02
2676.02
2668.12
2668.12
2668.12
2668.12
2664.96
2664.96
2664.96
2664.96
2664.96
2664.96
2655.31
2652.1
2652.1
2652.1
2652.1
2625.53
2625.53
2620.86
2620.86
2612.8
2612.8
2612.8
2612.8
2603.65
2603.37
2603.37
2603.37
2603.37
2595.73
2595.73
2595.73
2594.86
2594.86
2594.86
2587.22
2587.22
2586.59
2586.59
2574.39
2574.39
2574.39
2566.84
2561.45
2552.86
2552.69
2552.69
2522.14
2522.14
2522.14
2522.14
2522.14
2522.14
2522.14
2498.37
2490.31
2488.55
2486.33
2483.24
2479.65
2479.65
2472.78
2451.31
2426.75
2426.75
2426.75
2426.75
2426.75
2426.75
2426.75
2426.75
2426.67
2426.67
2426.67
2424.08
2424.08
2422.35
2422.35
2422.18
2422.18
2422.18
2422.18
2419.02
2413.24
2378.65
2378.65
2374.49
2374.49
2374.49
2374.49
2374.49
2372.75
2372.75
2372.75
2372.75
2372.57
2372.57
2372.57
2372.57
2372.22
2372.22
2372.22
2372.22
2367.08
2367.08
2367.08
2365.33
2365.33
2364.57
2356.51
2356.51
2356.25
2355.82
2355.82
2350.8
2348.76
2348.76
2348.76
2348.76
2348.76
2348.76
2348.27
2348.27
2337.29
2337.29
2337.29
2337.29
2324.71
2317.59
2309.35
2309.35
2307.35
2307.35
2299.49
2299.49
2299.49
2299.49
2294.71
2290.96
2290.96
2290.86
2286.47
2286.47
2285.71
2271.94
2271.94
2269.41
2266.76
2266.76
2262.16
2258.61
2253.37
2253.37
2252.82
2246.61
2236.12
2236.12
2236.12
2236.12
2236.12
2207.37
2201.2
2192.39
2185.96
2185.96
2185.96
2185.96
2185.96
2185.96
2185.96
2175.94
2175.94
2175.94
2164.31
2164.31
2164.31
2164.31
2164.31
2160.22
2159.92
2146.12
2146.12
2126.63
2126.63
2126.63
2126.63
2126.63
2122.24
2120.49
2120.49
2113
2109.96
2101.96
2098.14
2098.14
2091.14
2091.14
2091.14
2091.14
2091.14
2091.14
2089.8
2089.02
2089.02
2089.02
2089.02
2086.04
2086.04
2074.02
2069.75
2055.65
2055.65
2054.18
2054.18
2054.18
2054.18
2054.18
2054.18
2054.18
2054.18
2054.18
2051.14
2051.14
2051.14
2042.02
2042.02
2042.02
2042.02
2039.57
2039.57
2039.57
2039.57
2039.57
2039.57
2039.57
2039.57
2039.57
2039.57
2039.57
2032.47
2032.47
2032.47
2032.47
2032.47
2032.47
2032.47
2032.47
2032.47
2024.1
2024.1
2023.9
2023.71
2023.71
2015.25
2014.33
2014.33
2014.33
2014.04
2014.04
2014.04
2010.2
2010.2
2010.2
2002.69
2002.69
2002.69
2002.69
2002.69
2002.69
2002.69
2002.69
2002.69
1989.53
1985.35
1975.47
1963.35
1963.35
1963.35
1959.04
1958.04
1956.1
1956.08
1956.08
1956.08
1945.02
1945.02
1945.02
1945.02
1943.71
1943.71
1943.71
1943.71
1940.31
1938.73
1938.73
1938.73
1926.45
1926.45
1926.45
1926.45
1926.45
1926.45
1926.45
1920.67
1919.96
1918.86
1915.06
1914.49
1914.49
1914.49
1914.49
1914.49
1901.88
1901.88
1901.88
1901.88
1901.55
1901.55
1900.24
1900.24
1900.24
1900.24
1900.24
1890.96
1888.57
1888.57
1888.57
1888.57
1884.63
1884.63
1884.63
1877.98
1877.98
1877.98
1874.51
1874.51
1869.49
1869.49
1868.24
1849.69
1849.69
1847.06
1847.06
1847.06
1846.27
1846.27
1846.27
1837.76
1837.76
1837.76
1829.63
1826.51
1823.59
1822.39
1815.22
1812.9
1807.43
1794.06
1794.06
1794.06
1794.06
1794.06
1793.53
1793.53
1793.53
1793.53
1793.53
1783.31
1782.9
1779.22
1778.24
1766.14
1764.04
1764.04
1764.04
1764.04
1764.04
1764.04
1764.04
1764.04
1754.94
1747.37
1747.37
1747.37
1740.51
1740.51
1740.51
1736.02
1733.94
1733.94
1732.12
1732.12
1729.35
1729.35
1729.35
1719.86
1708.45
1708.45
1708.45
1703.12
1703.12
1703.12
1703.12
1700.33
1700.33
1700.33
1700.33
1700.33
1700.33
1697.16
1695.43
1695.43
1687.55
1682.12
1679.35
1679.35
1677.67
1677.67
1677.67
1677.67
1677.67
1670.86
1670.86
1662.78
1659.45
1659.45
1658.59
1658.59
1658.59
1658.59
1658.59
1658.59
1658.59
1658.59
1658.59
1658.59
1658.59
1658.59
1658.59
1658.59
1658.59
1658.59
1658.59
1652.04
1651.2
1641.45
1640.67
1631.8
1631.8
1631.8
1626.02
1625.45
1625.45
1622.45
1622.43
1617.49
1617.49
1617.49
1617.49
1616.29
1608.59
1604.75
1596.02
1588.41
1586.18
1586.18
1586.18
1586.18
1567.2
1567.2
1567.2
1567.2
1561.55
1557.98
1556.51
1556.51
1555.04
1555.04
1544.88
1544.88
1544.88
1544.88
1544.88
1544.88
1544.88
1544.88
1544.88
1544.88
1544.88
1537.88
1537.88
1537.88
1537.88
1537.88
1537.88
1534.92
1534.92
1527.63
1527.63
1522.27
1522.27
1521.1
1521.1
1517.27
1517.27
1515.9
1515.9
1515.9
1509.71
1493.94
1493.94
1493.94
1487.06
1484.76
1484.76
1484.76
1484.76
1480.88
1480.88
1480.88
1472.29
1471.51
1471.51
1468.61
1460.45
1460.45
1460.45
1460.45
1452.76
1450.33
1450.33
1448.39
1448.39
1446.65
1446.65
1446.65
1446.65
1446.65
1444.39
1442.43
1442.43
1442.43
1442.43
1442.43
1442.43
1441.86
1441.86
1439.14
1439.14
1439.14
1437.39
1433.9
1433.9
1428.31
1425.1
1419.84
1411.31
1411.31
1411.31
1405.61
1405.61
1405.61
1405.61
1405.61
1403.65
1403.65
1403.65
1394.24
1391.57
1391.57
1391.57
1380.84
1380.84
1380.84
1378.98
1378.98
1376.65
1376.65
1376.65
1375.39
1369.88
1368.18
1364.69
1364.69
1357.45
1357.45
1357.45
1357.45
1357.45
1357.45
1356.02
1356.02
1356.02
1356.02
1356.02
1356.02
1356.02
1356.02
1356.02
1356.02
1354.59
1354.59
1354.59
1350.16
1347.02
1343.86
1343.86
1341.27
1341.27
1341.27
1341.27
1340.57
1337.9
1337.9
1337.9
1337.9
1335.65
1332.29
1332.29
1332.29
1332.29
1332.29
1332.29
1331.08
1331.08
1331.08
1331.08
1331.08
1331.08
1331.08
1331.08
1331.08
1331.08
1323
1323
1323
1323
1323
1323
1317.33
1313.96
1313.96
1312.12
1308.94
1308.94
1308.94
1308.94
1308.94
1307.65
1307.65
1306.41
1305.14
1302.78
1296.57
1295.76
1295.76
1289.45
1289.45
1289.45
1287.41
1287.41
1287.41
1287.41
1286.14
1286.14
1285.12
1285.12
1285.12
1282.25
1282.25
1282.25
1282.25
1273.41
1272.92
1271.37
1271.37
1271.37
1271.37
1271.37
1271.37
1271.37
1271.37
1271.37
1271.37
1261
1261
1261
1257.39
1257.39
1257.39
1257.39
1257.24
1257.24
1253.02
1253.02
1249.43
1249.43
1249.43
1249.43
1244.35
1244.35
1244.35
1236.59
1236.22
1236.22
1236.22
1234.84
1234.84
1234.84
1231
1230.1
1230.1
1227.1
1225.88
1221.39
1221.39
1213.57
1213.57
1213.57
1213.57
1213.57
1212
1212
1212
1211.16
1210.18
1210.18
1210.18
1210.18
1210.1
1209.24
1208.49
1208.49
1208.49
1208.37
1208.37
1203.61
1203.61
1200.86
1196.24
1193.69
1193.69
1191.88
1191.47
1191.47
1187.51
1187.51
1185.86
1185.86
1185.86
1185.86
1182.96
1182.96
1182.96
1181.9
1181.9
1174.78
1174.78
1174.53
1174.53
1172.92
1172.92
1170.84
1169.57
1169.57
1168.59
1168.59
1163.16
1163.16
1160.92
1160.92
1160.92
1160.92
1159.53
1159.53
1159.53
1159.53
1159.53
1151.75
1151.75
1144.25
1144.25
1135.35
1135.35
1133.86
1133.86
1126.24
1122.35
1119.98
1119.98
1116.49
1116.49
1116.49
1116.37
1116.37
1116.37
1112.41
1112.41
1112.41
1109.63
1100.22
1100.22
1099.53
1099.53
1099.53
1099.53
1098.73
1098.73
1092.84
1090.98
1090.98
1090.78
1090.78
1090.78
1090.78
1090.78
1090.69
1087.63
1087.63
1087.63
1079.04
1079.04
1079.04
1079.04
1073.27
1073.27
1073.27
1070.27
1066.12
1065.12
1065.12
1065.12
1060.47
1058.76
1058.76
1058.76
1058.76
1058.76
1054.94
1054.94
1054.94
1054.94
1054.69
1054.69
1054.69
1048.29
1048.29
1047.63
1041.24
1041.24
1041.24
1037.86
1035.78
1035.78
1030.57
1029.49
1027.22
1027.22
1027.22
1018.33
1018.33
1018.1
1018.1
1016.84
1016.84
1013.53
1013.53
1009.8
1009.8
1009.8
1009.8
1007.43
1006.51
1006.51
1004.49
1004.49
1004.49
1004.49
1004.49
1004.49
1003.1
1003.1
1003.1
1003.1
1003.1
995.098
992.451
988.588
988.588
988.588
987.725
987.725
987.725
987.725
987.725
987.725
987.725
987.725
985.882
985.882
985.569
985.569
979.529
979.529
979.529
978.863
978.863
978.863
977.902
977.902
977.902
977.902
977.902
977.902
977.902
977.902
977.745
972.745
972.745
972.745
972.745
965.471
965.471
965.471
964.647
964.647
964.647
962.49
962.49
962.49
962.49
962.49
962.49
958.314
956.706
956.706
953.157
950.392
948.235
948.235
948.235
945.686
945.686
940.804
940.804
940.804
940.804
940.804
939.725
939.725
936.471
934.902
934.843
934.843
928.725
928.725
928.725
927.118
927.118
927.118
927.118
923.353
923.353
923.353
922.627
921.059
921.059
921.059
921.059
921.059
921.059
921.059
918.255
917.824
908.333
905.314
902.725
902.725
902.725
901.686
901.686
901.686
901.686
900.235
900.235
900.235
900.235
899.314
898.667
898.431
898.431
893.235
893.235
893.235
893.235
893.235
893.235
893.235
893.235
893.235
890.49
890.49
888.824
888.824
888.824
888.824
888.824
887.98
887.98
887.039
887.039
887.039
887.039
887.039
887.039
887.039
882.784
880.294
880.294
880.294
880.294
880.294
879.118
877.549
877.549
877.549
876.961
876.275
876.275
875.706
875.706
875.706
875.647
873.059
873.059
873.059
873.059
873.059
873.059
873.059
873.059
868.745
864.882
864.882
864.882
864.882
864.882
863.49
863.49
860.353
858.157
858.078
857.275
857.275
857.275
857.275
857.275
855.627
855.471
852.549
852.549
852.549
852.549
848.059
848.059
847.471
847.471
847.471
847.471
847.471
847.471
841.471
839.294
839.294
839.294
839.294
837.196
837.196
837.196
837.196
836.098
836.098
836.098
836.098
836.098
836.098
836.098
835.471
835.471
833.471
833.471
833.471
833.471
833.098
833.098
833.098
831.235
830
830
827.667
820.039
820.039
816.725
816.725
816.725
816.725
810.549
810.549
809.843
809.843
808.431
808.431
808.431
806.059
806.059
803.627
803.627
803.627
803.627
803.627
794.255
794.255
793.627
793.627
793.627
793.627
793.627
793.627
793.627
790.451
790.451
790.451
787.471
786.373
786.373
786.373
786.373
783.667
783.667
783.667
783.667
781.078
779.961
779.961
779.961
779.961
779.961
778.588
777.765
777.765
777.765
772.412
771.255
771.255
771.059
770.039
769.765
769.765
768.765
768.765
768.765
765.059
765.059
765.059
765.059
765.059
760.686
760.686
760.686
760.686
757.549
757.549
756.863
756.863
756.294
749.176
748.824
747.078
747.078
747.078
747.078
747.078
747.078
747.078
742.725
742.725
742.725
742.725
742.725
740.157
740.157
738.51
738.51
738.51
733.569
733.137
731.804
731.804
731.745
731.745
731.745
731.745
730.137
730.137
728
728
728
725.216
725.039
724.431
724.431
723.314
723.314
723.314
723.314
722.353
721.569
721.569
719.412
719.412
718.922
717.02
717
717
717
717
717
708
708
704.863
704.863
704.863
700.098
700.098
698.765
698.765
698.765
697.49
697.49
697.49
697.49
694.588
692.098
692.098
692.098
689.902
686.882
686.882
684.627
684.627
682.392
681.529
680.902
680.902
678.157
678.157
678.157
675.863
672.863
671.137
671.137
671.137
671.137
671.137
671.137
671.137
671.137
671.137
671.137
670.608
670.608
668.451
668.451
668.451
664.392
664
655.314
655.235
649.235
649.235
645.804
644.176
644.176
642.157
639.235
639.235
639.235
639.235
639.235
639.235
639.235
639.235
637.647
637.647
637.647
636.882
636.882
636.882
636.882
636.882
636.882
636.882
634.529
634.529
634.529
632.451
632.451
632.451
631.843
631.843
631
629.431
629.431
629.431
629.431
629.431
626.078
626.078
626.078
626.078
626.078
623.745
623.745
620.882
620.882
620.882
620.882
620.882
620.882
620.882
620.882
620.882
619.667
618.137
618.137
618.137
618.137
615.961
615.902
615.902
615.902
615.902
614.373
614.373
613.098
613.098
613.098
610.529
607.392
607.392
607
606.863
606.863
606.863
604.922
604.922
604.922
604.922
604.922
604.922
604.922
603.569
603.569
603.569
603.569
603.569
603.569
603.569
603.569
603.569
603.569
603.569
599.902
599.902
599.902
599.902
598.451
598.451
598.451
598.451
598.451
598.451
598.451
597.157
596.98
596.98
596.98
596.98
596.176
593.353
593.353
593.353
591.412
591.412
591.412
591.412
591.412
588.569
588.569
588.569
588.569
588.569
588.412
588.412
588.412
588.412
588.412
587.686
584.745
584.745
584.745
584.745
584.745
584.745
581.314
581.314
581.314
581.314
581.314
581.314
581.314
581.314
576.745
576.745
576.745
576.745
575.922
575.922
575.922
574.392
574.392
574.392
574.392
574.275
574.275
574.275
574.275
574.098
574.098
573.196
573.196
573.196
573.196
573.196
573.196
572.569
571.294
571.294
565.314
565.314
561.667
561.667
561.667
561.667
556.706
556.706
556.706
552.588
551.922
551.922
551.922
549.059
549.059
549.059
549.059
549.059
549.059
549.059
549.059
548.392
546.137
546.137
546.137
546.137
546.137
546.137
545.294
542.078
541.078
541.078
538.02
538.02
538.02
538.02
538.02
538.02
538.02
537.863
537.863
537.471
537.471
537.471
537.471
537.471
537.157
537.157
537.157
537.157
537.157
537.157
537.157
537.157
534.373
534.373
534.373
534.314
531.353
524.549
524.333
524.137
524.137
524.137
524.137
524.137
524.137
524.137
522.51
522.51
522.51
522.51
519.392
519.392
519.02
519.02
519.02
519.02
519.02
517.725
517.725
517.725
517.725
517.725
517.725
516.176
516.176
516.176
516.157
516.157
515.706
515.706
515.706
512.882
512.176
511.118
506.804
505.529
505.529
505.529
504.627
504.627
503.765
503.765
503.765
503.765
503.765
502.667
499.941
499.941
499.941
499.137
499.137
499.137
497.647
497.647
496.118
495.608
495.608
495.608
495.608
494.961
494.961
494.961
493.392
493.392
493.392
493.392
493.392
489.471
489.471
489.471
487.471
487.471
487.471
487.471
487.471
486.784
486.784
485.49
485.49
485.49
485.49
485.49
485.49
485.196
483.961
483.961
483.961
483.176
483.176
482.902
482.902
480.882
480.588
479.314
479.314
479.314
479.314
479.314
478
478
478
478
477.765
475.059
475.059
475.059
475.059
475.059
472.569
471.863
470.941
470.941
470.941
470.941
470.941
470.137
470.137
467.902
467.902
467.451
467.451
467.451
467.451
466.412
466.412
466.196
466.196
466.196
464.784
464.784
464.333
463.627
463.627
463.627
463.627
463.627
463.627
463.627
460.333
460.059
458.882
458.882
455.765
455.765
453.863
453.353
452.765
452.765
452.765
452.373
452.373
450.216
449.353
449.353
448.02
448.02
448.02
447.216
446.333
446.333
445.98
444.412
442.333
442.333
442.196
442.196
442.196
442.196
442.196
442.196
441.784
441.784
441.784
441.784
441.784
441.784
441.784
441.333
441.333
441.196
441.196
441.196
441.196
441.196
441.196
441.196
440.961
440.961
440.961
438.333
438.333
435.902
435.549
435.549
435.431
432.824
432.176
432.176
429.392
426.333
426.333
425.706
425.706
425.706
425.392
425.392
425.392
425.392
425.392
424.431
424.431
422.647
422.647
417.882
417.843
417.843
417.843
415.706
415.706
415.706
415.706
415.706
415.706
415.706
415.706
415.706
415.706
415.353
415.353
411.196
410.451
408.843
408.392
408.392
407.549
405.549
405.431
405.176
403.412
402.706
402.706
402.706
401.98
401.137
401.137
401.137
398.706
398.706
398.706
398.706
398.706
398.686
398.686
398.686
397.275
397.275
396.431
396.431
395.98
395.98
395.98
395.98
395.333
395.333
395.333
395.333
395.333
393.176
390.196
390.196
389.863
389.863
389.863
389.863
389.863
389.863
389.863
388.902
388.902
388.843
388.843
388.647
388.647
388.647
388.647
388.059
386.608
386.608
386.608
386.608
386.608
386.608
386.608
386.333
386.333
386.333
386.333
385.882
384.765
384.353
384.353
382.922
382.922
382.922
382.922
382.569
382.569
382.569
382.49
382.49
382.49
382.157
380.882
379.667
376.843
376.843
376.843
376.843
376.843
376.843
376.843
376.745
376.745
376.745
376.745
376.745
376.706
376.706
376.118
376.118
373.412
373.373
373.373
373.039
373.039
372.471
372.471
372.471
372.471
372.412
370.039
368.588
368.588
368.588
368.588
368.588
368.588
368.588
366.902
365.02
365.02
363.02
363.02
361.961
361.824
358.843
358
357.314
357.275
357.275
356.882
355.627
355.608
353.745
353.745
353.745
353.745
352.745
352.745
352.745
352.745
352.745
352.353
352.353
352.353
352.353
352.353
351.882
351.882
351.882
351.882
351.882
350.176
350.176
350.157
349.941
346.098
346.098
345.745
345.745
345.745
345.235
345.235
345.235
344.608
344.608
341.451
341.216
341.216
340.471
340.471
339.882
339.882
339.431
339.431
339.431
339.431
339.431
339.431
339.431
339.431
339.431
339.431
339.294
338
338
338
338
337.686
337.686
337.686
337.686
337.686
336.804
336.804
336.804
336.667
336.667
336.667
336.667
334.412
333.804
332.686
332.686
332.686
332.686
332.137
332.137
330.196
330.196
329.412
328.98
327.294
327.294
327.294
327.098
327.098
323.49
321.765
320.667
320.667
319.902
319.902
319.216
317.922
317.922
317.922
317.922
317.922
317.294
317.294
316.725
315.608
315.608
314.961
314.647
314.235
314.235
314.235
314.235
314.235
314.235
314.235
314.235
313.745
313.745
313.745
313.745
313.745
313.588
313.588
313.588
312.059
311.49
311.49
311.49
311.49
311.49
311.49
310.392
310.392
310.392
310.392
309.863
309.608
307.431
307.431
305
305
304.706
304.706
304.255
303.235
303.235
302.529
302.529
302.529
302.529
302.529
302.431
301.922
301.922
301.922
301.922
301.922
301.922
301.922
301.922
301.922
301.824
301.824
301.824
301.824
301.824
301.824
301.824
301.686
301.686
300.961
300.961
300.765
298.431
298.431
298.431
298.431
297.118
296.686
296.686
296.686
296.647
296.333
296.294
296.294
296.294
296.294
295.706
295.706
295.706
295.078
295.078
295.078
294.569
294.569
294.569
293.471
293.176
292.176
292.176
292.176
292.176
292.176
291.529
291.529
289.843
288.902
288.353
287.98
287.255
287.255
287.255
287.255
285.333
285.333
285.333
285.333
285.333
285.333
285.333
284.686
283.627
283.627
283.627
283.627
283.51
282.765
282.765
282.765
282.765
282.765
282.647
282.647
282.647
282.647
282.647
282.216
282.216
282.098
282.098
282.098
281.51
281.51
281.451
281.451
281.431
281.431
279.608
279.608
279.608
278.137
278.137
278.137
278.137
278.137
277.922
276.588
276.588
272.549
272.549
272.549
272.549
272.549
272.549
272.549
272.549
272.549
272.549
272.549
272.549
272.549
272.549
272.549
272.314
272.314
272.314
272.314
272.314
271.667
271.667
271.667
271.667
271.667
271.667
271.667
271.667
271.667
271.667
271.667
270.765
270.765
270.02
270.02
269.922
269.922
268.216
268.216
268.216
267.196
266.157
265.059
264.824
264.824
264.824
264.824
262.627
262.627
262.627
262.255
262.255
262.255
262.255
261.941
261.824
261.824
261.824
261.824
261.824
261.824
261.353
260.745
259.961
259.961
259.961
259.961
259.961
259.961
259.961
259.961
259.961
258.765
257.686
257.686
257.686
257.686
257.078
256.118
256.118
255.804
255.353
255.176
251.431
251.431
250.216
249.235
248.49
248.49
245.804
245.804
245.804
243.569
243.569
243.569
243.098
243.098
241.922
241.569
241.569
241.569
240.627
240.627
240.627
240.059
239.333
239.118
239.118
239.118
239.118
238.941
238.941
238.706
238.706
237.471
237.471
237.431
237.216
237.216
237.196
236.824
236.745
235.451
235.333
233.157
231.784
231.784
231.784
230.412
230.098
229.784
228.333
227.137
227.059
227.059
226.431
226.431
226.431
226.431
226.431
226.431
225.412
225.039
225.039
224.216
224.216
223.882
223.882
223.882
223.882
223.275
223.275
223.275
223.275
223.275
223.275
223.275
222.843
222.059
222.059
222.059
222.059
222.059
220.725
220.725
220.725
220.725
220.725
220.725
220.471
220.471
220.471
220.471
220.392
220.392
220.392
220.059
220.059
219.922
219.843
219.706
219.353
219.353
219.353
219.353
219.353
219.353
217.941
217.941
217.941
217.941
217.941
217.941
217.196
217.196
217.196
217.196
217.196
217.196
217.196
217.196
216.961
216.941
216.941
216.137
216.137
216.137
216.02
215.431
214.686
214.686
214.686
214.686
214.667
214.667
214.667
214.667
214.667
214.667
214.667
214.647
214.275
211.902
211.392
211.137
211.137
210.059
210.059
210.059
210.059
210.059
208.765
208.765
208.765
208.765
208.765
208.765
208.765
208.412
208.412
208.412
207.431
207.431
206.431
206.431
206.431
206.431
206.431
206.431
205.922
204.824
204.824
204.706
204.235
204.235
203.824
203.824
203.824
202.784
202.765
202.765
202.765
202.667
202.667
202.549
200.882
200.529
200.529
200.529
200.275
200.275
200.275
199.824
199.824
199.529
198.412
198.412
198.412
198.412
198.412
198.412
198.176
197.608
197.059
197.059
197.059
196.804
196.608
196.608
195.412
195.412
195.412
195.412
195.412
195.412
195.02
195.02
194.824
194.824
194.824
194.745
194.529
194.529
194.529
194.235
194.235
194.235
193.549
192.765
192.765
192.275
192.275
192.275
192.275
192.275
192.275
191.961
190.98
190.569
190.569
190.275
190.098
190.098
190.098
190.039
190.039
187.882
187.451
187.451
187
186.98
186.549
186.549
186.549
186.549
185.627
185.627
185.294
185.294
185.294
184.804
184.804
184.804
184.804
184.804
184.804
184.804
184.804
184.412
184.412
183.941
183.941
183.941
183.941
183.941
182.392
181.294
181.294
181.294
181.294
181.294
181.294
181.294
181.294
180.333
178.98
178.98
178.98
178.941
178.824
178.686
178.686
178.686
178.078
177.588
176.471
176.471
176.471
176.471
176.471
176.471
176.137
176.039
176.039
176.039
175.333
174.314
173.549
173.549
173.529
173.529
173.529
173.529
172.745
172.745
172.745
172.745
172.745
172.745
172.745
172.431
171.529
171.49
171.49
171.49
171.49
171.49
171.49
171.49
171.49
171.49
171.412
171.412
171.412
170.314
169.863
168.627
168.412
168.412
168.412
168.412
168.412
168.412
168.412
168.412
167.412
166.314
166.255
165.157
165.118
165.118
165.118
165.118
165.118
164.98
164.49
164.49
164.49
164.49
164.412
164.235
163.039
163.039
163.039
163.039
162.824
162.824
162.824
162.824
162.824
162.784
162.784
162.784
162.784
162.784
162.078
162.078
162.078
161.824
161.824
161.824
161.608
161.608
161.608
161.196
161.196
161.196
161.039
160.824
160.824
160.824
160.824
160.784
160.647
160.039
160.039
159.157
159.078
159.078
159.078
159.078
159.078
159.078
158.176
157.941
155.824
155.824
155.824
155.824
155.569
155.569
155.569
155.569
155.569
155.392
155.353
155.353
155.353
155.137
155.137
155.137
155.137
154.333
154.333
154.333
154.333
154.333
154.333
154.333
154.333
154.333
154.275
153.745
153.745
153.706
152.941
152.941
152.647
152.255
152.255
152.255
152.255
152.255
152.255
152.255
152.196
151.588
151.588
150.725
150.725
150.588
150.392
150.392
150.392
150.392
150.392
150.392
149.725
149.686
149.216
148.863
148.863
148.863
147.784
147.784
147.784
147.784
147.275
147.098
146.961
146.824
146.824
146.686
146.686
146.686
146.549
146.49
145.922
145.922
145.922
145.922
145.922
145.922
145.922
145.922
145.922
145.922
145.922
145.333
145.333
145.333
145.333
145.314
145.137
145.137
145.039
145.039
145.039
144.451
144.451
144.451
144.451
144.451
143.863
143.784
143.647
143.392
143.392
143.392
143.392
141.98
141.98
141.706
141.706
141.706
141.353
141.353
141.078
141.078
141.078
141.078
140.471
140.392
140.392
140.392
140.392
140.392
139.843
139.843
139.176
139.176
139.176
139.176
139.176
138.588
138.078
138.078
138.078
137.647
137.608
137.608
136.51
135.922
135.922
135.922
135.922
135.863
135.863
135.863
135.863
135.686
135.588
135.588
135.588
135.588
134.961
134.608
134.608
134.608
134.608
134.098
134.098
134.098
134.098
134.098
133.667
133.667
133.667
133.667
133.49
132.725
132.725
132.725
132.333
132.333
132.333
132.333
132.333
132.333
132.333
132.333
132.333
132.235
131.725
131.725
131.725
131.725
131.725
131.51
131.51
131.451
131.412
131.392
131.392
131.392
131.373
131.373
131.373
131.373
131.176
131.176
131.176
131.176
131.176
131.176
130.824
130.255
130.255
130.255
130.255
130.255
130.255
130.255
130.255
130.216
130.196
130.196
130.196
130.196
130.196
130.196
130.196
130.196
130.196
129.941
129.941
129.902
129.902
129.627
129.627
129.627
129.627
129.333
129.333
128.686
127.235
127.235
127.235
127.235
126.216
126.216
126.216
126.216
126.196
126.196
125.922
125.922
125.922
125.333
125.333
125.333
125.333
124.608
124.392
124.392
124.392
124.392
124.392
124.255
124.255
124.255
123.804
123.725
123.51
123.51
123.098
123.098
123.098
123.098
122.569
121.902
121.686
121.686
121.275
121.275
120.765
120.647
120.647
120.647
120.647
120.647
120.392
120.392
119.451
119.451
119.451
119.02
119.02
119.02
119.02
119.02
118.373
118.157
117.706
117.706
117.647
117.647
117.647
117.647
117.412
117.412
117.412
117.353
117.353
117.098
116.706
116.608
116.608
116.608
116.216
115.765
115.765
115.765
115.765
115.765
115.765
115.765
115.765
115.765
115.765
115.765
115.765
115.765
115.765
115.549
115.255
114.784
114.784
114.784
114.784
114.765
114.765
114.686
114.686
114.686
114.196
114.196
114.196
113.98
113.98
113.882
113.314
113.314
113.314
113.216
112.49
112.471
112.471
112.137
111.882
111.824
111.824
111.824
111.824
111.824
111.824
111.039
111.039
111.039
111.02
110.843
110.804
110.804
110.804
110.804
110.804
110.647
110.216
110.02
109.765
109.765
109.765
109.686
109.569
109.569
109.412
109.412
108.686
108.686
108.686
108.686
108.686
108.686
108.588
108.098
107.882
107.882
107.882
107.882
107.882
107.882
107.882
107.647
107.137
107.137
106.961
106.961
106.922
106.922
106.588
106.588
106.588
106.588
106.549
106.549
106.275
106.275
106.275
106.275
106.157
106.157
106.157
106.157
106.157
106.157
105.647
105.647
105.431
105.431
105.431
105.373
105.373
105.373
105.373
105.373
105.373
105.118
105.118
105.118
104.98
104.98
104.98
104.98
104.98
104.765
103.706
103.706
103.706
103.255
103.255
103.255
103.255
102.824
102.824
102.824
102.275
101.745
101.196
100.98
100.98
100.745
100.745
100.412
100.216
100.216
99.6863
99.6275
99.6275
99.6275
99.3529
99.3529
99.2157
98.3333
97.6863
97.6078
97.1961
97.1961
97.1961
96.9216
96.7647
96.7647
96.7647
96.7647
96.7647
96.7647
96.7647
96.2353
96.1765
96.1765
96.1765
96.1765
96
95.7647
95.549
95.549
95.549
95.549
95.549
95.549
95.451
95.451
95.451
95.1373
94.5686
94.5686
94.5686
94.4314
94.4314
94.4314
94.3529
94.3529
94.0196
94.0196
94.0196
93.7255
93.7059
93.7059
93.7059
93.451
93.1373
93.1373
93.1373
93.1373
92.8627
92.8627
92.8627
92.3137
91.7647
91.5294
91.5294
91.5294
91.5294
91.5294
91.5294
91.4706
91.4706
91.4706
91.4706
91.451
91.451
91.451
91.451
91.451
91.4118
91.4118
91.1765
91.1765
91.1765
90.9412
90.9412
90.9412
90.8235
90.7647
90.7647
90.7647
90.7647
90.7647
90.7647
90.3725
90.0392
90.0392
89.7059
89.2353
89.0196
89.0196
88.902
88.902
88.902
88.6471
88.549
88.451
88.451
88.451
88.0588
88.0588
88.0588
88.0588
88.0588
88.0588
88.0588
87.9216
87.9216
87.9216
87.6863
87.6863
87.6863
87.6078
87.6078
87.6078
87.6078
87.6078
87.4118
87.4118
87.4118
87.2353
87.2353
87.2353
86.7647
86.7451
86.7451
86.6275
86.6275
85.902
85.8039
85.8039
85.7255
85.7255
85.7059
85.7059
85.6078
85.6078
85.6078
85.6078
85.6078
85.6078
85.6078
85.4118
85.3529
85.098
85.098
85.098
85.098
85.098
85.098
85.098
85
85
85
84.8431
84.8431
84.5882
84.5882
84.5882
84.5882
84.5882
84.5882
84.5882
83.5686
83.5686
83.5686
83.4706
83.4706
83.098
82.8824
82.8431
82.2941
82.2941
82.2941
82.0588
81.9216
81.9216
81.9216
81.9216
81.9216
81.9216
81.7059
81.7059
81.7059
81.7059
81.7059
81.7059
81.5294
81.5294
81.5294
81.5294
81.5294
81.5294
81.5294
81.5294
81.5294
81.5294
81.5294
81.1765
80.7647
80.6471
80.6471
80.6471
80.549
80.1373
80.0392
79.5686
79.5686
79.5686
79.3725
78.902
78.8824
78.7647
78.7647
78.7647
78.7647
78.7647
78.7451
78.7451
78.7451
78.3529
78.3529
78.3529
78.3529
78.3529
78.3529
78.3333
78.1176
78
77.7647
77.7647
77.7647
77.7647
77.7647
77.7647
77.4902
77.4902
77.4902
77.4902
77.0196
77.0196
77.0196
77.0196
77.0196
76.7059
76.6471
76.6471
76.549
76.549
76.451
76.451
76.451
76.451
76.2745
76.0392
76.0392
76.0392
76.0392
76.0196
76.0196
76.0196
75.6471
75.6471
75.6471
75.6471
75.6471
75.6471
75.6471
75.6275
75.6275
75.5098
75.451
75.4118
75.4118
75.3922
75.3922
75.3333
75.3333
75.3333
75.3333
75.3333
74.8039
74.8039
74.7059
74.5686
73.9216
73.451
73.451
73.3725
73.3137
72.9412
72.9412
72.9412
72.6863
72.6863
72.6863
72.5686
72.5686
72.5686
72.5686
72.5686
72.5686
72.5686
72.5686
72.5686
72.5686
72.5686
72.3725
72.2745
72.2745
72.2745
72.2745
72.2745
72.2745
72.0588
72.0588
71.9216
71.9216
71.9216
71.8627
71.8627
71.6667
71.6275
71.6275
71.549
71.549
71.549
71.3333
71.2549
71.2353
71.2353
71.1961
71.0392
70.7843
70.7843
70.4314
70.4314
70.4314
70.3529
70.3529
70.2745
70.2745
70.2353
70.2353
70.2353
70.2353
70.2353
70.2353
70.2353
70.2353
70.2353
70.2157
70
70
70
70
69.902
69.902
69.902
69.902
69.902
69.902
69.902
69.902
69.902
69.902
69.902
69.902
69.4902
68.7647
68.7647
68.7647
68.7647
68.7647
68.3922
68.3922
68.3922
68.3922
68.3333
68.3333
68.2549
67.9804
67.9804
67.9804
67.9804
67.8235
67.8235
67.4118
67.3333
67.3333
67.3333
67.3333
67.2157
67.1373
67.1176
67.1176
66.9804
66.9608
66.9608
66.9608
66.8627
66.8627
66.8627
66.8627
66.8627
66.8627
66.8627
66.8627
66.8627
66.8039
66.6863
66.5294
66.3529
66.3529
66.2353
66.2353
66.2353
66.2353
66.2353
66.2353
66.2353
66.2353
66.2353
66.1961
65.9804
65.9804
65.9804
65.9608
65.9216
65.9216
65.9216
65.9216
65.9216
65.9216
65.9216
65.9216
65.8431
65.8431
65.8431
65.6863
65.451
65.451
65.451
65.1765
65.1765
65.1569
65.1569
65.1569
65.1569
65.1569
65.1569
64.8235
64.6667
64.6667
64.5294
64.5294
64.5294
64.5294
64.5294
64.3725
64.3725
64.3725
64.2941
64.2549
64.0392
64.0196
64.0196
64.0196
64.0196
64.0196
64.0196
64.0196
63.9804
63.9804
63.8039
63.6275
63.5882
63.3529
63.3529
63.3529
63.3333
63.0588
62.9412
62.9412
62.9412
62.6078
62.6078
62.5098
62.3725
62.2745
62.1373
61.8431
61.8431
61.6471
61.6471
61.6471
61.5686
61.3529
61.3529
60.902
60.902
60.7255
60.7255
60.549
60.4902
60.1176
59.9608
59.8039
59.8039
59.8039
59.4118
59.4118
59.3922
59.2745
59.2745
59.2745
59.2745
59.2157
59.0784
59.0784
59.0784
59.0784
59.0784
58.8235
58.8235
58.4706
58.4706
58.4706
58.4706
58.4706
58.4706
58.4706
58.4706
58.4706
58.4706
58.451
58.4314
58.4314
58.4314
58.4314
58.1373
58.1373
58.1373
58.1373
58.0588
57.9216
57.902
57.902
57.8039
57.8039
57.8039
57.6471
57.6471
57.4902
57.4902
57.4706
57.4706
57.4706
57.4706
57.4314
57.4314
57.4118
57.4118
57.3529
57.2353
57.2353
57.1569
57.1569
56.3333
56.3333
56.3137
56.098
55.9608
55.9608
55.3333
55.2549
55.2549
55.2549
55.2353
55.2353
55.2353
55.1569
54.8824
54.8824
54.8824
54.8824
54.549
54.549
54.549
54.3137
54.3137
54.1373
54.0392
54.0392
54.0392
54
53.9608
53.9608
53.8039
53.8039
53.7255
53.7059
53.7059
53.3725
53.3725
52.8824
52.8824
52.8824
52.8235
52.8235
52.549
52.549
52.3922
52.0196
51.5686
51.5686
51.5686
51.5686
51.5098
51.5098
51.5098
51.5098
51.5098
51.5098
51.5098
51.5098
50.902
50.8627
50.8627
50.6863
50.6863
50.6863
50.6863
50.6863
50.6863
50.6863
50.6863
50.6863
50.6863
50.1961
50.1765
50.1765
50.1765
50.0196
50
50
50
50
50
50
49.8627
49.5882
49.549
49.549
49.549
49.549
49.549
49.549
49.3922
49.3922
49.3922
49.3922
49.3529
49.2157
49.2157
49.1569
49.1569
49.1569
48.7843
48.7843
48.7843
48.7843
48.7843
48.7843
48.6275
47.8627
47.8627
47.8627
47.7059
47.6471
47.5882
47.549
47.549
47.4314
47.4314
47.4314
47.2941
47.1176
47.1176
47.1176
47.1176
47.0588
47.0588
47.0588
47.0588
47.0588
47.0588
47.0588
47.0392
46.8431
46.8431
46.6078
46.6078
46.6078
46.6078
45.7843
45.7843
45.7843
45.7843
45.7647
45.6667
45.6471
45.6471
45.5098
45.3922
45.3922
45.3137
45.1765
45.1765
45.1569
45.1373
45.1373
45.1373
45.1373
45.1373
45.1373
45.0784
45
45
44.9412
44.9412
44.902
44.7059
44.7059
44.549
44.549
44.549
44.549
44.549
44.2549
44.2549
44.2549
44.2549
44.2549
44.1176
44.1176
43.8235
43.8235
43.8235
43.7843
43.7843
43.7843
43.7843
43.7843
43.7843
43.7843
43.7843
43.7843
43.7843
43.7843
43.7843
43.7059
43.7059
43.6078
43.5686
43.5686
43.5686
43.5686
43.5098
43.5098
43.5098
43.3725
43.3725
43.3725
43.2941
43.2941
43.2941
43.2549
43.2549
43.2549
43.2549
43.1961
42.8627
42.8235
42.8235
42.8235
42.8235
42.4902
42.4902
42.4902
42.4902
42.4902
42.3333
42.3137
42.3137
42.3137
42.3137
42.3137
42.3137
42.3137
42.3137
42.2549
42.2549
42.2549
42.0196
41.7059
41.7059
41.7059
41.7059
41.6863
41.6667
41.6667
41.4314
41.3725
41.3725
41.0196
41.0196
40.9216
40.9216
40.9216
40.9216
40.9216
40.9216
40.9216
40.8824
40.8824
40.8824
40.8824
40.8824
40.8824
40.8824
40.8824
40.8824
40.8824
40.8824
40.8824
40.8824
40.8824
40.8824
40.8235
40.7255
40.7255
40.7255
40.6275
40.6078
40.6078
40.6078
40.4314
40.4314
40.3333
40.3333
40.2549
40.1176
40.098
40.098
40.098
40.098
40.098
40.0784
40.0784
39.7647
39.7059
39.6471
39.6275
39.6275
39.6275
39.549
39.549
39.549
39.5098
39.5098
39.3529
39.3529
39.2549
39.1569
39.1569
39.1373
39.0196
38.9608
38.9608
38.9608
38.8039
38.7647
38.7647
38.7647
38.7255
38.7255
38.6667
38.6667
38.6667
38.6471
38.6471
38.6471
38.6471
38.6471
38.6471
38.6471
38.451
38.3529
38.1765
38.1765
38.1765
38.1765
38.1176
38.098
38.0392
38.0392
38.0196
38.0196
37.9804
37.9804
37.9804
37.9804
37.7647
37.5686
37.5686
37.5686
37.549
37.549
37.4706
37.4706
37.4706
37.3922
37.3922
37.3333
37.3333
37.2745
37.2157
37.2157
37.2157
37.2157
37.2157
37.2157
37.1373
37.0392
36.9804
36.9804
36.9804
36.9804
36.9804
36.9804
36.9804
36.9804
36.9804
36.9804
36.9804
36.9804
36.9804
36.9804
36.9804
36.9804
36.8235
36.8235
36.7451
36.7451
36.4118
36.4118
36.4118
36.4118
36.3922
36.3922
36.3922
36.3137
36.2353
36.2353
36.2353
36.0784
36.0784
35.9804
35.9804
35.8039
35.7059
35.7059
35.7059
35.6078
35.6078
35.4706
35.4314
35.4314
35.3725
35.3725
35.3725
35.3725
35.3725
35.3725
35.3725
35.3725
35.1569
34.8235
34.7255
34.5882
34.5882
34.3922
34.3922
34.3922
34.3922
34.3922
34.3922
34.3529
34.0588
34.0588
34.0588
34.0588
34.0588
34.0392
34.0392
34.0392
34.0196
34.0196
33.7451
33.7059
33.7059
33.7059
33.4706
33.451
33.451
33.451
33.451
33.4118
33.4118
33.4118
33.4118
33.4118
33.4118
33.4118
33.4118
33.4118
33.4118
33.4118
33.4118
33.4118
33.4118
33.2941
33.2941
33.2941
33.2941
33.2941
33.2941
33.2549
33.2549
33.2353
33.2353
33.1176
33.1176
33.1176
33.098
33.098
33.098
33.0392
33.0392
33.0392
33.0392
33.0392
33.0392
32.9804
32.9804
32.9804
32.8824
32.8824
32.8824
32.8431
32.8431
32.8431
32.7451
32.7451
32.7451
32.6078
32.6078
32.6078
32.4314
32.1765
32.098
32.098
32.0784
32.0784
32.0588
32
32
32
32
32
31.9608
31.8824
31.8824
31.8235
31.8039
31.8039
31.8039
31.8039
31.8039
31.8039
31.7255
31.6863
31.6863
31.6863
31.6863
31.6863
31.4902
31.3529
31.3333
31.3333
31.3333
31.3333
31.2745
31.2745
31.2745
31.2745
31.2549
31.2353
31.2353
31.098
31.0784
31.0784
31.0196
31.0196
31.0196
31.0196
31.0196
31.0196
30.9804
30.9608
30.9608
30.9608
30.9608
30.9608
30.8431
30.8431
30.8431
30.8431
30.6471
30.549
30.549
30.549
30.549
30.4902
30.4902
30.4902
30.4902
30.451
30.451
30.451
30.451
30.451
30.451
30.451
30.451
30.451
30.4118
30.4118
30.4118
30.2157
30.2157
30.1569
30.1569
30.0392
30.0196
30.0196
30.0196
30.0196
30.0196
30.0196
30.0196
30.0196
30.0196
30.0196
30.0196
29.9216
29.9216
29.9216
29.9216
29.8431
29.8431
29.7059
29.7059
29.7059
29.5294
29.4902
29.4902
29.4314
29.4314
29.4314
29.3922
29.3922
29.3922
29.2549
29.2549
29.1569
28.6863
28.6667
28.6667
28.549
28.4902
28.4706
28.3529
28.3529
28.3529
28.3137
28.3137
28.2353
28.1176
28.0784
28.0784
27.9216
27.8431
27.8431
27.6667
27.5882
27.549
27.549
27.5294
27.5294
27.5294
27.5294
27.5294
27.5294
27.451
27.451
27.451
27.4118
27.4118
27.3922
27.3922
27.3922
27.3922
27.3922
27.3922
27.3922
27.3725
27.2941
27.2941
27.2941
27.2941
27.1961
27.1961
27.1373
27
26.9804
26.9804
26.9804
26.9804
26.9804
26.8039
26.8039
26.7451
26.7451
26.7451
26.7451
26.7451
26.7451
26.7451
26.7451
26.7451
26.7255
26.7255
26.7255
26.7255
26.7255
26.7255
26.6667
26.6471
26.6471
26.6471
26.6471
26.6471
26.6471
26.5882
26.5882
26.5882
26.549
26.549
26.4118
26.2941
26.2941
26.2941
26.2745
26.2157
26.1765
26.0784
26.0784
26.0784
26.0784
26
26
26
26
25.9608
25.9412
25.9412
25.902
25.8824
25.8235
25.8235
25.7255
25.6471
25.6471
25.549
25.549
25.451
25.3529
25.3529
25.3529
25.3529
25.3529
25.2941
25.2941
25.2941
25.2941
25.2941
25.2157
25.1373
25.1373
25.1373
25.1373
25.0588
25.0588
25.0588
25
24.9412
24.9412
24.8627
24.8627
24.8627
24.8431
24.8431
24.8431
24.8431
24.7843
24.7843
24.7843
24.7843
24.7843
24.7255
24.6667
24.5686
24.4706
24.4706
24.4706
24.4706
24.4706
24.4706
24.4706
24.4706
24.4706
24.3725
24.3137
24.3137
24.1373
24.098
24.0588
23.9412
23.9412
23.8039
23.8039
23.8039
23.8039
23.8039
23.8039
23.8039
23.8039
23.8039
23.8039
23.8039
23.8039
23.8039
23.8039
23.8039
23.8039
23.8039
23.7647
23.7647
23.7255
23.7255
23.7255
23.7255
23.7255
23.7255
23.7255
23.7255
23.6667
23.6667
23.6667
23.5294
23.5098
23.5098
23.5098
23.3725
23.3137
23.0784
23.0784
23.0784
23.0196
23.0196
23.0196
23
22.8824
22.8431
22.7843
22.7451
22.6667
22.6667
22.6078
22.549
22.549
22.4902
22.4902
22.4902
22.4706
22.4706
22.4706
22.4706
22.4314
22.4314
22.4314
22.3529
22.3529
22.3137
22.3137
22.3137
22.3137
22.3137
22.3137
22.3137
22.2745
22.2745
22.2745
22.2745
22.2745
22.2745
22.2745
22.2745
22.2745
22.2157
22.1176
22.1176
22.1176
22.1176
22.0784
22.0784
22.0784
22.0784
22.0784
22.0784
22.0784
22.0784
22.0784
22.0784
21.9608
21.9412
21.9412
21.9412
21.9412
21.9412
21.9412
21.9412
21.9412
21.9412
21.8431
21.8431
21.8431
21.8235
21.8235
21.8235
21.8235
21.7843
21.7843
21.5098
21.4902
21.4902
21.4706
21.4706
21.451
21.3529
21.3529
21.3333
21.3333
21.3137
21.2941
21.2941
21.2941
21.2941
21.2745
21.1569
21.1569
21.098
21.098
21.098
21.098
21.0392
21.0392
20.8824
20.8824
20.8824
20.8824
20.8431
20.8235
20.8235
20.7843
20.7843
20.7843
20.7843
20.7647
20.7647
20.7647
20.6667
20.6078
20.6078
20.6078
20.5882
20.5882
20.5882
20.5882
20.5294
20.5294
20.4902
20.4902
20.4902
20.4902
20.4902
20.4902
20.4902
20.4902
20.4902
20.4706
20.4706
20.4706
20.4706
20.4706
20.4706
20.4706
20.4706
20.4706
20.4706
20.4706
20.4706
20.4706
20.4706
20.4706
20.4706
20.451
20.451
20.451
20.451
20.451
20.451
20.2745
20.2745
20.2157
20.2157
20.2157
20.2157
20.2157
20.2157
20.2157
20.2157
20.2157
20.2157
20.2157
20.2157
20.1765
20.098
20.0784
20.0784
20
20
20
19.8431
19.8431
19.8431
19.8431
19.8431
19.7451
19.7059
19.7059
19.6863
19.6863
19.6275
19.549
19.549
19.4902
19.451
19.451
19.4118
19.4118
19.4118
19.3333
19.3333
19.3333
19.3137
19.098
19.098
19.098
19.0784
19.0784
19.0784
19.0784
19.0784
19.0784
19.0784
19.0784
19.0392
19
19
19
18.9608
18.9608
18.9216
18.9216
18.9216
18.8824
18.8824
18.8627
18.8627
18.8431
18.8431
18.8431
18.8431
18.8431
18.8039
18.8039
18.8039
18.8039
18.7843
18.7843
18.7843
18.7843
18.7843
18.7843
18.7843
18.7843
18.7843
18.549
18.549
18.549
18.549
18.549
18.549
18.549
18.549
18.549
18.549
18.549
18.549
18.549
18.549
18.5294
18.5294
18.5294
18.5294
18.451
18.451
18.3529
18.3529
18.3529
18.3529
18.3529
18.3529
18.2745
18.2549
18.2549
18.2549
18.2549
18.2549
18.2549
18.1373
18.1373
18.0392
18.0392
18.0392
18.0392
18.0392
18.0392
18.0392
18.0392
18.0196
18.0196
18.0196
17.8824
17.8824
17.8824
17.8824
17.8627
17.7451
17.7451
17.7451
17.7451
17.7451
17.7255
17.7255
17.7255
17.6667
17.6275
17.6275
17.5686
17.549
17.4902
17.4902
17.4902
17.4902
17.4902
17.4118
17.1765
17.1765
17.1765
17.1765
17.1765
17.1569
17.1569
17.1569
17.1176
17.1176
17.1176
17.1176
17.1176
17.0196
17.0196
17.0196
17.0196
17.0196
17.0196
17.0196
17.0196
17.0196
17.0196
17.0196
17.0196
17.0196
17
16.902
16.902
16.902
16.8627
16.6471
16.6471
16.6471
16.6471
16.6471
16.6471
16.6275
16.6275
16.6275
16.6275
16.6275
16.5882
16.5882
16.5686
16.5686
16.5294
16.5294
16.5294
16.5294
16.5294
16.5294
16.5294
16.5294
16.5294
16.5294
16.5294
16.5294
16.5294
16.5294
16.5294
16.5294
16.5294
16.451
16.451
16.451
16.451
16.451
16.4118
16.3922
16.3922
16.3922
16.3922
16.3922
16.3922
16.3922
16.3922
16.3922
16.3922
16.3922
16.3922
16.3922
16.3725
16.3137
16.3137
16.3137
16.2549
16.2353
16.1373
16.0392
16.0392
16.0392
16.0392
16.0392
16.0392
16.0392
16.0392
16.0392
16.0392
15.9608
15.902
15.8824
15.8824
15.8824
15.8824
15.8627
15.8431
15.8431
15.8431
15.8431
15.6863
15.6667
15.6667
15.6078
15.5882
15.5882
15.5882
15.549
15.4706
15.4706
15.4706
15.3922
15.2745
15.2745
15.2745
15.2745
15.2745
15.2745
15.2745
15.2745
15.2549
15.2549
15.2353
15.2353
15.2353
15.2353
15.2157
15.1961
15.1961
15.1569
15.1569
15.098
15.098
15.098
15.098
15.098
15.0784
15.0784
14.9804
14.9804
14.9804
14.9804
14.9608
14.9608
14.8431
14.8431
14.8235
14.8235
14.8235
14.8235
14.8235
14.8235
14.8235
14.8235
14.8235
14.8235
14.8235
14.8235
14.8039
14.7843
14.7843
14.7843
14.7647
14.7451
14.7255
14.7255
14.6863
14.6863
14.6275
14.6275
14.6275
14.6275
14.549
14.549
14.549
14.5098
14.5098
14.5098
14.5098
14.5098
14.4902
14.4706
14.4706
14.4314
14.4314
14.4314
14.4314
14.4314
14.3725
14.3725
14.3529
14.3529
14.3529
14.3529
14.3529
14.3529
14.3529
14.2745
14.2745
14.2353
14.1765
14.1373
14.1373
14.1373
14.1373
14.1373
14.1373
14.1176
14.1176
14.1176
14.1176
14.1176
14.0784
14.0784
14.0784
14.0784
14.0784
14.0784
14.0784
14.0784
14.0784
14.0784
14.0784
13.9608
13.9608
13.9608
13.902
13.902
13.902
13.902
13.902
13.902
13.8627
13.8431
13.7059
13.7059
13.7059
13.7059
13.7059
13.6667
13.6667
13.6667
13.6275
13.5294
13.5294
13.5294
13.5294
13.5294
13.5294
13.5294
13.5294
13.5294
13.5294
13.5098
13.5098
13.5098
13.5098
13.5098
13.5098
13.4706
13.4314
13.4314
13.4314
13.3725
13.3725
13.3137
13.2353
13.2353
13.2353
13.2353
13.2353
13.2353
13.2353
13.2353
13.2353
13.2157
13.1765
13.1765
13.1765
13.1765
13.1765
13.1765
13.1569
13.1569
13.1569
13.1569
13.1569
13.1569
13.1569
13.1176
13.1176
13.1176
13.1176
13.1176
13.0588
13
13
12.9804
12.9804
12.9804
12.9804
12.9804
12.9804
12.9804
12.9804
12.9804
12.9804
12.9804
12.9412
12.9412
12.9412
12.9412
12.9216
12.9216
12.9216
12.9216
12.9216
12.9216
12.902
12.902
12.902
12.902
12.902
12.8824
12.8824
12.8627
12.8627
12.8431
12.8431
12.8431
12.8431
12.8431
12.8431
12.8431
12.8431
12.8431
12.8039
12.7451
12.7059
12.7059
12.7059
12.7059
12.6471
12.6471
12.6471
12.6471
12.6275
12.6275
12.6275
12.6275
12.6275
12.6275
12.6275
12.6275
12.6275
12.6275
12.6275
12.6275
12.5686
12.5686
12.5686
12.5686
12.5686
12.5686
12.5686
12.549
12.5098
12.5098
12.4706
12.4706
12.451
12.451
12.451
12.3922
12.3922
12.3922
12.3922
12.3529
12.3137
12.3137
12.3137
12.3137
12.2549
12.2549
12.2549
12.2549
12.1765
12.1765
12.1765
12.1765
12.1569
12.1569
12.1569
12.1569
12.1569
12.0784
12.0784
12.0784
12.0784
12.0784
12.0784
12.0784
12.0784
12.0784
12.0588
12.0588
12.0588
12.0588
12.0588
12.0588
12.0588
12.0588
12.0588
12.0588
12.0588
12.0588
12.0588
12.0588
12
12
12
11.9804
11.9804
11.9804
11.9804
11.9804
11.9412
11.9216
11.9216
11.902
11.902
11.902
11.7843
11.7843
11.7843
11.7843
11.7843
11.7843
11.7843
11.7647
11.7647
11.7647
11.7647
11.7059
11.7059
11.7059
11.7059
11.7059
11.7059
11.7059
11.7059
11.7059
11.7059
11.7059
11.6471
11.6471
11.6275
11.6078
11.6078
11.5882
11.5882
11.5294
11.5294
11.5098
11.5098
11.4706
11.3725
11.3725
11.3725
11.3725
11.3725
11.3725
11.3725
11.2941
11.2745
11.2549
11.2549
11.2549
11.2549
11.2549
11.2353
11.2157
11.2157
11.2157
11.1765
11.1765
11.1765
11.1765
11.1765
11.1765
11.1765
11.1765
11.1765
11.1765
11.1765
11.1373
11.0588
11.0588
11.0392
11.0392
11.0392
11.0392
11.0392
11.0392
11.0196
11.0196
11.0196
10.9804
10.9804
10.9804
10.9412
10.9412
10.9412
10.902
10.902
10.902
10.902
10.902
10.8824
10.8824
10.8627
10.8039
10.8039
10.8039
10.7843
10.7451
10.7451
10.7451
10.7451
10.7059
10.7059
10.7059
10.7059
10.5686
10.5686
10.5686
10.5686
10.5686
10.5686
10.549
10.549
10.549
10.549
10.549
10.549
10.549
10.549
10.549
10.549
10.549
10.549
10.549
10.549
10.549
10.549
10.549
10.549
10.549
10.549
10.5098
10.5098
10.4902
10.4902
10.4902
10.4902
10.4902
10.4706
10.451
10.4314
10.4314
10.3922
10.3922
10.3922
10.3725
10.3725
10.3333
10.3333
10.3333
10.2941
10.2549
10.2549
10.2549
10.2549
10.2549
10.1765
10.1765
10.1765
10.1765
10.1373
10.1373
10.1373
10.1373
10.1373
10.1373
10.1373
10.1176
10.1176
10.098
10.098
10.098
10.098
10.098
10.098
10.0784
10.0588
10.0588
10.0588
10.0588
10.0588
10
10
10
10
10
10
10
10
9.96078
9.96078
9.94118
9.94118
9.94118
9.94118
9.92157
9.90196
9.90196
9.88235
9.88235
9.88235
9.86275
9.86275
9.86275
9.78431
9.72549
9.72549
9.72549
9.72549
9.68627
9.68627
9.68627
9.68627
9.68627
9.68627
9.66667
9.66667
9.66667
9.66667
9.66667
9.60784
9.60784
9.56863
9.56863
9.56863
9.56863
9.52941
9.52941
9.52941
9.52941
9.52941
9.47059
9.47059
9.43137
9.37255
9.37255
9.37255
9.35294
9.35294
9.35294
9.35294
9.35294
9.35294
9.35294
9.35294
9.35294
9.35294
9.35294
9.35294
9.35294
9.33333
9.31373
9.31373
9.27451
9.27451
9.27451
9.19608
9.19608
9.19608
9.17647
9.13725
9.11765
9.11765
9.11765
9.07843
9.07843
9.05882
9.05882
9.05882
9.05882
9.03922
9.03922
9.03922
9
9
9
9
9
9
9
9
9
9
9
8.98039
8.98039
8.98039
8.98039
8.98039
8.98039
8.98039
8.98039
8.98039
8.98039
8.98039
8.98039
8.98039
8.98039
8.98039
8.98039
8.94118
8.92157
8.92157
8.92157
8.92157
8.86275
8.82353
8.82353
8.82353
8.82353
8.80392
8.80392
8.80392
8.80392
8.80392
8.80392
8.78431
8.78431
8.78431
8.78431
8.78431
8.78431
8.78431
8.78431
8.78431
8.78431
8.78431
8.78431
8.78431
8.70588
8.70588
8.70588
8.68627
8.68627
8.68627
8.68627
8.68627
8.66667
8.62745
8.62745
8.58824
8.58824
8.56863
8.56863
8.56863
8.56863
8.56863
8.4902
8.4902
8.4902
8.47059
8.45098
8.45098
8.43137
8.43137
8.43137
8.43137
8.43137
8.43137
8.43137
8.39216
8.39216
8.37255
8.37255
8.37255
8.37255
8.37255
8.37255
8.37255
8.37255
8.37255
8.37255
8.37255
8.35294
8.35294
8.35294
8.33333
8.33333
8.33333
8.33333
8.33333
8.33333
8.31373
8.31373
8.31373
8.31373
8.31373
8.31373
8.2549
8.23529
8.23529
8.23529
8.23529
8.23529
8.23529
8.23529
8.23529
8.17647
8.17647
8.15686
8.15686
8.09804
8.07843
8.07843
8.03922
8.03922
8.03922
8.03922
8.03922
8.03922
8.01961
8.01961
8.01961
8.01961
8.01961
8.01961
8.01961
8.01961
8.01961
8.01961
8
8
8
8
8
7.96078
7.96078
7.96078
7.96078
7.96078
7.96078
7.96078
7.96078
7.96078
7.96078
7.92157
7.90196
7.88235
7.84314
7.84314
7.84314
7.84314
7.84314
7.84314
7.84314
7.84314
7.84314
7.78431
7.78431
7.78431
7.7451
7.7451
7.7451
7.7451
7.7451
7.72549
7.72549
7.72549
7.70588
7.70588
7.70588
7.70588
7.70588
7.70588
7.70588
7.70588
7.68627
7.68627
7.68627
7.68627
7.64706
7.64706
7.64706
7.62745
7.62745
7.62745
7.62745
7.62745
7.62745
7.62745
7.62745
7.62745
7.4902
7.4902
7.4902
7.4902
7.47059
7.47059
7.47059
7.43137
7.43137
7.43137
7.43137
7.43137
7.43137
7.43137
7.43137
7.43137
7.43137
7.43137
7.43137
7.43137
7.43137
7.43137
7.41176
7.37255
7.37255
7.37255
7.37255
7.37255
7.37255
7.37255
7.35294
7.35294
7.35294
7.35294
7.35294
7.33333
7.33333
7.33333
7.33333
7.33333
7.33333
7.33333
7.33333
7.31373
7.27451
7.27451
7.27451
7.27451
7.23529
7.23529
7.23529
7.23529
7.23529
7.23529
7.23529
7.15686
7.13725
7.13725
7.09804
7.07843
7.05882
7.05882
7.05882
7.05882
7.05882
7.05882
7.03922
7.03922
7.03922
7.01961
7.01961
7.01961
7.01961
6.96078
6.96078
6.94118
6.94118
6.94118
6.92157
6.92157
6.92157
6.92157
6.92157
6.92157
6.92157
6.92157
6.92157
6.90196
6.90196
6.90196
6.90196
6.86275
6.86275
6.86275
6.86275
6.86275
6.86275
6.86275
6.86275
6.84314
6.80392
6.80392
6.80392
6.80392
6.80392
6.80392
6.80392
6.80392
6.80392
6.80392
6.80392
6.80392
6.80392
6.80392
6.80392
6.78431
6.78431
6.78431
6.76471
6.76471
6.76471
6.76471
6.72549
6.72549
6.72549
6.72549
6.72549
6.72549
6.72549
6.72549
6.72549
6.72549
6.72549
6.66667
6.66667
6.66667
6.66667
6.66667
6.66667
6.66667
6.66667
6.66667
6.66667
6.66667
6.66667
6.60784
6.60784
6.60784
6.60784
6.60784
6.60784
6.60784
6.60784
6.60784
6.58824
6.58824
6.58824
6.58824
6.54902
6.54902
6.45098
6.39216
6.39216
6.39216
6.35294
6.35294
6.35294
6.35294
6.33333
6.33333
6.33333
6.33333
6.33333
6.33333
6.33333
6.33333
6.33333
6.33333
6.33333
6.33333
6.33333
6.33333
6.33333
6.33333
6.33333
6.31373
6.27451
6.27451
6.27451
6.27451
6.27451
6.27451
6.27451
6.27451
6.2549
6.2549
6.2549
6.2549
6.2549
6.23529
6.21569
6.21569
6.21569
6.21569
6.21569
6.21569
6.21569
6.21569
6.21569
6.21569
6.21569
6.21569
6.21569
6.21569
6.21569
6.21569
6.19608
6.19608
6.19608
6.19608
6.19608
6.19608
6.17647
6.13725
6.13725
6.13725
6.13725
6.13725
6.11765
6.11765
6.11765
6.11765
6.11765
6.11765
6.11765
6.11765
6.11765
6.11765
6.11765
6.11765
6.11765
6.09804
6.09804
6.09804
6.09804
6.09804
6.03922
6.03922
6.03922
6.01961
6.01961
6.01961
6.01961
6.01961
6.01961
6.01961
6.01961
6.01961
6.01961
6.01961
6.01961
6
6
6
6
6
5.98039
5.98039
5.98039
5.94118
5.94118
5.94118
5.92157
5.92157
5.92157
5.88235
5.88235
5.88235
5.88235
5.86275
5.84314
5.82353
5.82353
5.82353
5.82353
5.82353
5.82353
5.82353
5.82353
5.82353
5.80392
5.80392
5.80392
5.80392
5.78431
5.78431
5.78431
5.76471
5.76471
5.7451
5.7451
5.7451
5.7451
5.7451
5.7451
5.7451
5.7451
5.68627
5.68627
5.68627
5.68627
5.68627
5.68627
5.68627
5.68627
5.68627
5.68627
5.68627
5.68627
5.68627
5.68627
5.68627
5.68627
5.66667
5.66667
5.66667
5.66667
5.66667
5.64706
5.64706
5.64706
5.64706
5.64706
5.58824
5.58824
5.58824
5.58824
5.58824
5.58824
5.58824
5.58824
5.58824
5.58824
5.56863
5.54902
5.54902
5.5098
5.5098
5.5098
5.5098
5.5098
5.5098
5.5098
5.5098
5.5098
5.5098
5.5098
5.45098
5.45098
5.45098
5.41176
5.35294
5.35294
5.35294
5.35294
5.35294
5.35294
5.35294
5.35294
5.35294
5.33333
5.33333
5.31373
5.31373
5.31373
5.31373
5.31373
5.27451
5.27451
5.27451
5.23529
5.19608
5.19608
5.19608
5.19608
5.19608
5.19608
5.19608
5.19608
5.17647
5.17647
5.17647
5.17647
5.13725
5.09804
5.09804
5.09804
5.09804
5.09804
5.09804
5.07843
5.07843
5.07843
5.05882
5.05882
5.05882
5.05882
5.03922
5.03922
5.03922
5.03922
5.01961
5.01961
5.01961
5.01961
5.01961
5.01961
5.01961
5.01961
5.01961
5.01961
5.01961
4.98039
4.98039
4.98039
4.98039
4.98039
4.98039
4.94118
4.94118
4.92157
4.92157
4.92157
4.92157
4.92157
4.92157
4.92157
4.92157
4.92157
4.92157
4.90196
4.90196
4.90196
4.90196
4.90196
4.90196
4.90196
4.86275
4.86275
4.86275
4.86275
4.86275
4.86275
4.84314
4.84314
4.84314
4.82353
4.82353
4.82353
4.82353
4.82353
4.82353
4.82353
4.82353
4.82353
4.82353
4.82353
4.82353
4.82353
4.82353
4.78431
4.76471
4.76471
4.76471
4.7451
4.7451
4.72549
4.70588
4.70588
4.70588
4.70588
4.68627
4.68627
4.68627
4.68627
4.68627
4.68627
4.68627
4.68627
4.68627
4.68627
4.68627
4.68627
4.68627
4.68627
4.66667
4.66667
4.66667
4.66667
4.66667
4.66667
4.66667
4.66667
4.64706
4.64706
4.64706
4.64706
4.64706
4.64706
4.64706
4.64706
4.64706
4.64706
4.64706
4.62745
4.62745
4.62745
4.62745
4.62745
4.56863
4.56863
4.56863
4.56863
4.56863
4.56863
4.56863
4.56863
4.56863
4.54902
4.54902
4.54902
4.54902
4.54902
4.54902
4.54902
4.54902
4.54902
4.54902
4.54902
4.52941
4.52941
4.52941
4.52941
4.52941
4.5098
4.4902
4.4902
4.4902
4.4902
4.47059
4.47059
4.47059
4.47059
4.47059
4.47059
4.41176
4.41176
4.39216
4.39216
4.39216
4.37255
4.35294
4.35294
4.35294
4.35294
4.35294
4.33333
4.33333
4.33333
4.33333
4.33333
4.33333
4.33333
4.33333
4.33333
4.31373
4.31373
4.29412
4.27451
4.27451
4.27451
4.2549
4.2549
4.2549
4.2549
4.2549
4.2549
4.2549
4.2549
4.23529
4.23529
4.21569
4.21569
4.21569
4.19608
4.17647
4.17647
4.17647
4.17647
4.17647
4.17647
4.17647
4.17647
4.17647
4.17647
4.17647
4.11765
4.11765
4.11765
4.11765
4.09804
4.07843
4.07843
4.07843
4.07843
4.07843
4.07843
4.03922
4
3.96078
3.96078
3.96078
3.96078
3.92157
3.92157
3.92157
3.92157
3.92157
3.92157
3.92157
3.92157
3.92157
3.92157
3.92157
3.90196
3.88235
3.84314
3.84314
3.84314
3.84314
3.84314
3.84314
3.84314
3.84314
3.84314
3.82353
3.82353
3.82353
3.80392
3.80392
3.80392
3.80392
3.78431
3.78431
3.78431
3.78431
3.78431
3.78431
3.78431
3.78431
3.78431
3.7451
3.7451
3.7451
3.7451
3.7451
3.7451
3.7451
3.7451
3.7451
3.7451
3.68627
3.66667
3.66667
3.66667
3.66667
3.66667
3.66667
3.66667
3.66667
3.66667
3.66667
3.66667
3.64706
3.64706
3.64706
3.62745
3.62745
3.62745
3.62745
3.62745
3.62745
3.62745
3.62745
3.62745
3.56863
3.56863
3.56863
3.56863
3.56863
3.56863
3.56863
3.56863
3.54902
3.54902
3.52941
3.52941
3.52941
3.52941
3.52941
3.52941
3.5098
3.5098
3.5098
3.5098
3.5098
3.5098
3.5098
3.5098
3.45098
3.45098
3.43137
3.43137
3.43137
3.43137
3.41176
3.41176
3.41176
3.41176
3.41176
3.41176
3.41176
3.41176
3.41176
3.39216
3.39216
3.39216
3.39216
3.39216
3.39216
3.39216
3.39216
3.39216
3.37255
3.37255
3.37255
3.37255
3.37255
3.37255
3.37255
3.37255
3.37255
3.37255
3.37255
3.37255
3.37255
3.37255
3.37255
3.37255
3.35294
3.35294
3.35294
3.35294
3.35294
3.35294
3.35294
3.33333
3.33333
3.33333
3.33333
3.33333
3.33333
3.33333
3.33333
3.33333
3.31373
3.31373
3.31373
3.31373
3.31373
3.31373
3.27451
3.27451
3.27451
3.27451
3.27451
3.27451
3.2549
3.2549
3.2549
3.2549
3.2549
3.2549
3.2549
3.2549
3.2549
3.2549
3.2549
3.2549
3.2549
3.2549
3.2549
3.2549
3.2549
3.2549
3.2549
3.2549
3.2549
3.2549
3.21569
3.21569
3.21569
3.21569
3.21569
3.21569
3.21569
3.21569
3.21569
3.21569
3.15686
3.15686
3.11765
3.11765
3.09804
3.09804
3.09804
3.07843
3.07843
3.07843
3.07843
3.07843
3.07843
3.07843
3.05882
3.05882
3.05882
3.05882
3.05882
3.05882
3.05882
3.05882
3.05882
3.05882
3.05882
3.03922
3.03922
3.03922
3.01961
3.01961
3.01961
3.01961
3.01961
3.01961
3.01961
3.01961
3.01961
3.01961
3.01961
3.01961
3.01961
3.01961
3.01961
3.01961
3.01961
3.01961
3.01961
3.01961
3.01961
3.01961
2.96078
2.96078
2.96078
2.96078
2.90196
2.90196
2.90196
2.90196
2.90196
2.90196
2.88235
2.88235
2.86275
2.82353
2.82353
2.78431
2.78431
2.78431
2.78431
2.76471
2.76471
2.76471
2.76471
2.76471
2.76471
2.76471
2.76471
2.76471
2.7451
2.7451
2.7451
2.7451
2.7451
2.7451
2.7451
2.7451
2.7451
2.7451
2.7451
2.7451
2.7451
2.7451
2.7451
2.7451
2.7451
2.7451
2.7451
2.7451
2.7451
2.7451
2.7451
2.7451
2.7451
2.72549
2.72549
2.72549
2.70588
2.70588
2.70588
2.70588
2.70588
2.70588
2.70588
2.70588
2.70588
2.70588
2.70588
2.70588
2.68627
2.68627
2.68627
2.68627
2.68627
2.68627
2.68627
2.64706
2.62745
2.62745
2.62745
2.62745
2.60784
2.58824
2.56863
2.56863
2.56863
2.56863
2.56863
2.56863
2.56863
2.56863
2.56863
2.54902
2.54902
2.54902
2.54902
2.54902
2.54902
2.54902
2.54902
2.54902
2.54902
2.54902
2.54902
2.54902
2.54902
2.54902
2.54902
2.54902
2.52941
2.52941
2.52941
2.52941
2.52941
2.5098
2.4902
2.4902
2.47059
2.47059
2.47059
2.47059
2.47059
2.47059
2.47059
2.47059
2.47059
2.47059
2.47059
2.47059
2.43137
2.41176
2.41176
2.41176
2.41176
2.41176
2.41176
2.41176
2.41176
2.41176
2.41176
2.41176
2.41176
2.41176
2.41176
2.39216
2.39216
2.39216
2.39216
2.39216
2.39216
2.39216
2.39216
2.39216
2.39216
2.39216
2.35294
2.35294
2.35294
2.35294
2.35294
2.35294
2.35294
2.35294
2.35294
2.33333
2.31373
2.27451
2.27451
2.27451
2.2549
2.23529
2.23529
2.23529
2.23529
2.23529
2.23529
2.23529
2.23529
2.23529
2.23529
2.23529
2.21569
2.19608
2.19608
2.17647
2.17647
2.17647
2.17647
2.17647
2.17647
2.17647
2.15686
2.15686
2.15686
2.13725
2.13725
2.13725
2.13725
2.11765
2.11765
2.09804
2.09804
2.09804
2.09804
2.09804
2.09804
2.09804
2.09804
2.09804
2.09804
2.09804
2.09804
2.09804
2.09804
2.09804
2.07843
2.07843
2.07843
2.05882
2.05882
2.05882
2.05882
2.05882
2.05882
2.05882
2.03922
2.03922
2.01961
2.01961
2.01961
2.01961
2.01961
2.01961
2.01961
2.01961
2.01961
2.01961
2
1.98039
1.98039
1.98039
1.98039
1.98039
1.96078
1.96078
1.96078
1.96078
1.96078
1.96078
1.96078
1.96078
1.94118
1.94118
1.94118
1.90196
1.90196
1.90196
1.88235
1.88235
1.88235
1.88235
1.88235
1.86275
1.86275
1.86275
1.86275
1.86275
1.86275
1.84314
1.84314
1.84314
1.84314
1.84314
1.84314
1.84314
1.84314
1.84314
1.84314
1.84314
1.84314
1.84314
1.84314
1.84314
1.84314
1.84314
1.84314
1.84314
1.84314
1.84314
1.84314
1.84314
1.84314
1.84314
1.84314
1.84314
1.84314
1.84314
1.84314
1.84314
1.84314
1.84314
1.84314
1.84314
1.84314
1.84314
1.82353
1.82353
1.82353
1.82353
1.82353
1.80392
1.80392
1.80392
1.80392
1.76471
1.76471
1.76471
1.76471
1.76471
1.76471
1.72549
1.72549
1.72549
1.72549
1.70588
1.70588
1.70588
1.70588
1.70588
1.70588
1.70588
1.70588
1.70588
1.70588
1.70588
1.70588
1.70588
1.70588
1.70588
1.70588
1.70588
1.70588
1.70588
1.70588
1.70588
1.70588
1.70588
1.68627
1.68627
1.66667
1.66667
1.64706
1.64706
1.64706
1.64706
1.64706
1.64706
1.64706
1.64706
1.64706
1.64706
1.64706
1.64706
1.64706
1.64706
1.64706
1.64706
1.64706
1.64706
1.64706
1.64706
1.64706
1.64706
1.64706
1.64706
1.64706
1.64706
1.64706
1.64706
1.64706
1.62745
1.62745
1.62745
1.62745
1.62745
1.58824
1.56863
1.56863
1.56863
1.56863
1.56863
1.52941
1.52941
1.52941
1.52941
1.52941
1.52941
1.5098
1.5098
1.47059
1.47059
1.47059
1.47059
1.41176
1.41176
1.41176
1.39216
1.35294
1.35294
1.35294
1.35294
1.35294
1.35294
1.35294
1.35294
1.33333
1.33333
1.31373
1.31373
1.31373
1.31373
1.31373
1.31373
1.31373
1.31373
1.31373
1.31373
1.29412
1.29412
1.29412
1.29412
1.27451
1.27451
1.27451
1.27451
1.27451
1.27451
1.27451
1.27451
1.27451
1.27451
1.27451
1.27451
1.27451
1.27451
1.27451
1.2549
1.2549
1.2549
1.2549
1.2549
1.2549
1.2549
1.23529
1.23529
1.23529
1.23529
1.23529
1.23529
1.23529
1.23529
1.23529
1.23529
1.23529
1.23529
1.23529
1.23529
1.23529
1.23529
1.23529
1.19608
1.19608
1.19608
1.19608
1.19608
1.19608
1.19608
1.19608
1.17647
1.17647
1.15686
1.13725
1.13725
1.13725
1.13725
1.11765
1.11765
1.09804
1.09804
1.09804
1.09804
1.09804
1.09804
1.07843
1.07843
1.07843
1.07843
1.07843
1.07843
1.07843
1.07843
1.07843
1.05882
1.05882
1.05882
1.03922
1.03922
1.03922
1.03922
1.03922
1.03922
1.01961
1.01961
1.01961
1.01961
1.01961
1.01961
1.01961
1.01961
1.01961
1.01961
1.01961
1.01961
1.01961
1.01961
1.01961
1.01961
1.01961
1.01961
1.01961
1.01961
1.01961
1.01961
1.01961
1.01961
1
1
1
1
0.980392
0.980392
0.960784
0.960784
0.960784
0.960784
0.960784
0.960784
0.960784
0.960784
0.960784
0.960784
0.960784
0.960784
0.960784
0.960784
0.941176
0.941176
0.941176
0.941176
0.941176
0.941176
0.941176
0.941176
0.941176
0.941176
0.941176
0.941176
0.921569
0.921569
0.921569
0.921569
0.921569
0.921569
0.901961
0.901961
0.901961
0.901961
0.901961
0.901961
0.901961
0.882353
0.882353
0.882353
0.882353
0.862745
0.862745
0.862745
0.862745
0.843137
0.843137
0.843137
0.843137
0.823529
0.823529
0.823529
0.823529
0.823529
0.823529
0.823529
0.823529
0.823529
0.823529
0.823529
0.823529
0.823529
0.823529
0.823529
0.823529
0.823529
0.823529
0.823529
0.823529
0.823529
0.823529
0.823529
0.823529
0.823529
0.803922
0.803922
0.803922
0.803922
0.803922
0.803922
0.803922
0.803922
0.803922
0.803922
0.803922
0.803922
0.803922
0.803922
0.803922
0.803922
0.803922
0.803922
0.803922
0.803922
0.803922
0.803922
0.784314
0.784314
0.784314
0.784314
0.784314
0.784314
0.784314
0.764706
0.764706
0.764706
0.764706
0.764706
0.764706
0.764706
0.764706
0.764706
0.764706
0.764706
0.745098
0.745098
0.745098
0.745098
0.745098
0.745098
0.745098
0.745098
0.745098
0.745098
0.72549
0.72549
0.72549
0.72549
0.72549
0.72549
0.72549
0.72549
0.72549
0.72549
0.72549
0.72549
0.72549
0.72549
0.72549
0.72549
0.72549
0.72549
0.72549
0.72549
0.72549
0.72549
0.72549
0.72549
0.72549
0.72549
0.72549
0.72549
0.72549
0.72549
0.72549
0.72549
0.72549
0.72549
0.72549
0.705882
0.686275
0.666667
0.666667
0.666667
0.666667
0.666667
0.666667
0.666667
0.666667
0.666667
0.666667
0.666667
0.666667
0.666667
0.666667
0.666667
0.666667
0.666667
0.666667
0.666667
0.666667
0.666667
0.666667
0.666667
0.666667
0.666667
0.666667
0.666667
0.666667
0.666667
0.666667
0.666667
0.666667
0.666667
0.666667
0.666667
0.666667
0.666667
0.666667
0.666667
0.666667
0.666667
0.666667
0.666667
0.666667
0.666667
0.666667
0.666667
0.666667
0.666667
0.666667
0.666667
0.666667
0.666667
0.666667
0.666667
0.666667
0.666667
0.666667
0.666667
0.666667
0.666667
0.666667
0.666667
0.666667
0.666667
0.666667
0.666667
0.666667
0.666667
0.666667
0.666667
0.666667
0.666667
0.666667
0.666667
0.666667
