62900.5
62900.5
62809.6
62809.6
62809.6
62809.6
62809.6
62809.6
62809.6
62688
62266.5
62266.5
62266.5
62266.5
62185.5
62170.8
62170.8
61976.8
61976.8
61976.8
61976.8
61976.8
61896.9
61896.9
61896.9
61896.9
61596.4
61596.4
61596.4
61596.4
61524.8
61524.8
61524.8
61524.8
61524.8
61524.8
61524.8
61524.8
61524.8
61342.7
61342.7
61342.7
61342.7
61256.5
61256.5
61197.2
61188.7
61188.7
61115.5
61115.5
61115.5
61115.5
61115.5
61115.5
61115.5
61115.5
60873.3
60873.3
60873.3
60861.5
60861.5
60861.5
60861.5
60665.5
60665.5
60665.5
60665.5
60665.5
60665.5
60665.5
60500.5
60500.5
60500.5
60500.5
60491.2
60491.2
60348.2
60257.3
60257.3
60257.3
60257.3
60257.3
60221.1
60221.1
60221.1
60221.1
60221.1
60221.1
60221.1
60221.1
60221.1
60221.1
60221.1
60221.1
60216.7
60124.1
60124.1
60124.1
60124.1
60124.1
59873.8
59849.2
59849.2
59614.1
59614.1
59614.1
59479.9
59479.9
59360.2
59360.2
59360.2
59360.2
59360.2
59360.2
59360.2
59309.7
59309.7
59309.7
59309.7
59309.7
59309.7
59309.7
59283.3
59283.3
59261.4
59261.4
59198.3
58988.3
58924.6
58771.3
58771.3
58771.3
58737.1
58635.3
58407.8
58142.5
58142.5
58142.5
58142.5
58142.5
58142.5
58096.1
58096.1
57943.9
57903.8
57789.7
57487.6
57487.6
57445.8
57445.8
57445.8
57445.8
57445.8
57445.8
57445.8
57445.8
57394.5
57394.5
57394.5
57394.5
57394.5
57394.5
57394.5
57394.5
57121.1
57121.1
57121.1
57121.1
57121.1
56993.5
56993.5
56923.8
56770.3
56770.3
56770.3
56770.3
56770.3
56770.3
56770.3
56770.3
56770.3
56703.5
56703.5
56703.5
56703.5
56703.5
56627.2
56627.2
56627.2
56627.2
56603.3
56603.3
56599.3
56599.3
56599.3
56599.3
56496.4
56496.4
56496.4
56496.4
56496.4
56496.4
56464.8
56385.1
56385.1
56233.7
55972
55972
55972
55972
55919.1
55669
55669
55594.7
55594.7
55571.1
55571.1
55555.2
55532.5
55532.5
55532.5
55532.5
55518.5
55518.5
55261
55261
55042.5
55042.5
54953.2
54953.2
54796.4
54796.4
54796.4
54796.4
54705.2
54705.2
54705.2
54597.5
54592.3
54225.4
54225.4
54225.4
54147.9
54147.9
54147.9
54100.5
54100.5
54100.5
54100.5
54100.5
54100.5
54100.5
54100.5
54100.5
53998.7
53998.7
53998.7
53998.7
53998.7
53987.8
53987.8
53918.7
53918.7
53918.7
53918.7
53918.7
53918.7
53918.7
53546.3
53546.3
53546.3
53546.3
53546.3
53496.5
53496.5
53496.5
53496.5
53393.1
53393.1
53393.1
53305.5
53123.4
53123.4
53123.4
53123.4
53123.4
53123.4
53123.4
53123.4
52980
52980
52980
52817.5
52817.5
52817.5
52578.9
52332
52332
52332
52332
52250.2
52250.2
52250.2
52067
52019.8
52019.8
52019.8
52019.8
51864.4
51864.4
51831.7
51818.3
51682.1
51682.1
51661
51661
51622.7
51622.7
51585.7
51585.7
51537.5
51537.5
51537.5
51508.7
51508.7
51508.7
51508.7
51508.7
51508.7
51508.7
51508.7
51480.6
51480.6
51480.6
51480.6
51480.6
51480.6
51447.1
51375.1
51375.1
51375.1
51298.3
51298.3
51298.3
51298.3
51298.3
51298.3
51298.3
51221.1
51221.1
51165.2
51165.2
51165.2
51133.5
51133.5
51133.5
51133.5
51133.5
51109
51109
51109
51067.9
50886.9
50886.9
50886.9
50886.9
50886.9
50886.9
50886.9
50806
50806
50806
50752.5
50752.5
50752.5
50752.5
50752.5
50752.5
50752.5
50752.5
50752.5
50752.5
50752.5
50752.5
50752.5
50752.5
50752.5
50752.5
50752.5
50752.5
50603
50601.9
50374.8
50030.1
50030.1
50030.1
50012.5
50012.5
50012.5
50012.5
50012.5
50012.5
50012.5
50012.5
50012.5
50012.5
49855.6
49855.6
49855.6
49825.7
49769.4
49769.4
49769.4
49571.7
49571.7
49571.7
49571.7
49478.6
49462.3
49462.3
49462.3
49324.5
49324.5
49324.5
49324.5
49260.4
49260.4
49011.3
48980.8
48971.1
48966.7
48966.7
48966.7
48966.7
48966.7
48919.9
48919.9
48919.9
48919.9
48919.9
48919.9
48919.9
48808.2
48671.8
48511.6
48511.6
48511.6
48511.6
48511.6
48511.6
48511.6
48358.1
48358.1
48358.1
48358.1
48358.1
48358.1
48358.1
48358.1
48074.1
48064.8
48064.8
48064.8
48030.1
48030.1
48030.1
48030.1
48030.1
48030.1
48030.1
47719.2
47719.2
47719.2
47719.2
47719.2
47684.6
47684.6
47650.8
47650.8
47650.8
47650.8
47613
47482
47482
47482
47482
47482
47482
47482
47482
47482
47436.6
47436.6
47436.6
47436.6
47368.8
47368.8
47368.8
47368.8
47368.8
47368.8
47321.1
47321.1
47288.6
47239.3
47239.3
47239.3
47239.3
47239.3
47115.3
47115.3
47115.3
47115.3
47115.3
47115.3
47115.3
46946.5
46852.4
46852.4
46852.4
46852.4
46576.8
46576.8
46576.8
46575
46575
46481.1
46399.4
46278.3
46278.3
46278.3
46278.3
46278.3
46188.5
46188.5
46188.5
46187.1
46187.1
46187.1
46187.1
46187.1
46136.3
46136.3
46136.3
46136.3
46136.3
46136.3
46097.4
46097.4
46097.4
46097.4
46097.4
46097.4
46097.4
45967.1
45967.1
45938.4
45852.5
45852.5
45805.8
45805.8
45805.8
45805.8
45805.8
45766.6
45762.9
45762.9
45579.3
45498
45498
45384.4
45384.4
45384.4
45384.4
45384.4
45384.4
45384.4
45384.4
45384.4
45384.4
45384.4
45291.8
45291.8
45291.8
45291.8
45291.8
45154.9
45154.9
45154.9
45154.9
45154.9
45042.6
45042.6
45042.6
45042.6
44913.9
44846.6
44846.6
44796.9
44796.9
44796.9
44796.9
44796.9
44796.9
44661.1
44661.1
44626
44626
44626
44626
44626
44626
44605.7
44605.7
44605.7
44605.7
44605.7
44596.2
44355.2
44274
44274
44274
43841.2
43841.2
43841.2
43841.2
43841.2
43841.2
43841.2
43600.6
43600.6
43600.6
43600.6
43600.6
43600.6
43600.6
43600.6
43600.6
43596.5
43596.5
43596.5
43572.9
43502.1
43502.1
43502.1
43502.1
43502.1
43502.1
43359
43359
43359
43359
43359
43290.5
43290.5
43290.5
43290.5
43290.5
43290.5
43290.5
43290.5
43290.5
43290.5
43290.5
43290.5
43290.5
43290.5
43290.5
43290.5
43290.5
43290.5
43290.5
43290.5
43290.5
43231.3
43231.3
43231.3
43231.3
43231.3
43231.3
43142.9
43142.9
43142.9
43142.9
43142.9
43142.9
42984.7
42984.7
42984.7
42978.5
42978.5
42978.5
42978.5
42978.5
42978.5
42978.5
42871.4
42871.4
42871.4
42847
42847
42847
42834.6
42832
42832
42744.5
42744.5
42744.5
42744.5
42540.5
42540.5
42540.5
42540.5
42540.5
42476.5
42476.5
42476.5
42476.5
42476.5
42476.5
42288.4
42288.4
41996.1
41996.1
41996.1
41996.1
41996.1
41996.1
41996.1
41996.1
41996.1
41972.9
41972.9
41960
41960
41960
41960
41960
41960
41960
41960
41903.3
41903.3
41903.3
41903.3
41903.3
41903.3
41903.3
41696.3
41696.3
41616.7
41616.7
41616.7
41616.7
41608.8
41608.8
41608.8
41608.8
41608.8
41608.8
41608.8
41606.2
41606.2
41606.2
41606.2
41606.2
41606.2
41606.2
41606.2
41606.2
41606.2
41606.2
41606.2
41606.2
41540.4
41463.9
41463.9
41463.9
41463.9
41463.9
41463.9
41463.9
41463.9
41463.9
41463.9
41463.9
41456.8
41456.8
41456.8
41371.2
41352.6
41352.6
41352.6
41352.6
41296.4
41296.4
41296.4
41296.4
41246.3
41246.3
41183.5
41183.5
41171.4
41171.4
41111.2
41084.4
41084.4
41084.4
41084.4
41084.4
40949
40949
40949
40882.4
40882.4
40882.4
40830.5
40830.5
40830.5
40758.9
40758.9
40665.3
40665.3
40665.3
40656
40656
40656
40656
40524.4
40472.9
40472.9
40265.4
40261.5
40261.5
40261.5
40160.5
40160.5
40160.5
40160.5
40160.5
40160.5
40160.5
40160.5
40122.5
40122.5
40122.5
40122.5
40013.4
40004.5
40004.5
40004.5
40004.5
40004.5
40004.5
40004.5
40004.5
40004.5
40004.5
40004.5
40004.5
40004.5
40004.5
40004.5
40004.5
40004.5
40004.5
40004.5
40004.5
40004.5
40004.5
40004.5
39981
39981
39981
39981
39981
39981
39981
39981
39981
39981
39975
39859.6
39694.2
39694.2
39694.2
39694.2
39694.2
39694.2
39624.5
39624.5
39624.5
39624.5
39624.5
39624.5
39624.5
39624.5
39624.5
39624.5
39624.5
39624.5
39624.5
39624.5
39624.5
39624.5
39567.6
39566.1
39566.1
39566.1
39498.1
39498.1
39498.1
39498.1
39486.7
39310.7
39310.7
39310.7
39266
39266
39266
39266
39266
39266
39266
39266
39266
39074
38926.2
38926.2
38926.2
38926.2
38926.2
38926.2
38926.2
38926.2
38926.2
38891.5
38891.5
38715.2
38715.2
38715.2
38715.2
38715.2
38715.2
38591.5
38591.5
38591.5
38591.5
38557
38557
38557
38557
38557
38557
38557
38557
38526
38526
38526
38526
38526
38362.8
38287.6
38287.1
38277.4
38277.4
38277.4
38212.5
38212.5
38212.5
38212.5
38212.5
38212.5
38212.5
38212.5
38212.5
38212.5
38212.5
38212.5
38212.5
38170.7
38170.7
38170.7
38170.7
38170.7
38170.7
38170.7
38170.7
38170.7
38092.9
38092.9
38082.6
38081.4
38081.4
37960.6
37960.6
37928.2
37928.2
37867
37867
37867
37867
37867
37867
37811.9
37790.3
37790.3
37790.3
37790.3
37790.3
37728.9
37728.9
37625.5
37625.5
37625.5
37625.5
37625.5
37575.4
37575.4
37575.4
37575.4
37575.4
37575.4
37506.5
37506.5
37506.5
37506.5
37506.5
37401.4
37330.4
37330.4
37330.4
37330.4
37330.4
37330.4
37330.4
37330.4
37330.4
37330.4
37330.4
37330.4
37330.4
37330.4
37329.8
37329.8
37210.2
37210.2
37210.2
37210.2
37210.2
37210.2
37202
37202
37202
37078.3
37078.3
37029.6
37029.6
37029.6
36996.6
36937.9
36864.6
36800.1
36800.1
36788.5
36788.5
36788.5
36788.5
36788.5
36788.5
36786.6
36786.6
36786.6
36664.6
36664.6
36664.6
36664.6
36664.6
36664.6
36664.6
36664.6
36664.6
36664.6
36664.6
36664.6
36664.6
36664.6
36664.6
36664.6
36664.6
36664.6
36664.6
36664.6
36664.6
36664.6
36559.1
36559.1
36559.1
36559.1
36559.1
36504.3
36504.3
36504.3
36504.3
36504.3
36504.3
36504.3
36504.3
36504.3
36504.3
36462.5
36443.6
36443.6
36443.6
36383.6
36383.6
36383.6
36270.9
36258.1
36258.1
36048.2
36048.2
36048.2
36048.2
36048.2
36048.2
36029.5
36029.5
35869.7
35869.7
35869.7
35869.7
35806.8
35806.8
35806.8
35806.8
35668.8
35668.8
35668.8
35668.8
35668.8
35668.8
35661.7
35625.3
35625.3
35625.3
35625.3
35625.3
35625.3
35625.3
35625.3
35625.3
35575.2
35575.2
35575.2
35575.2
35575.2
35575.2
35563.5
35517.4
35517.4
35517.4
35517.4
35517.4
35517.4
35517.4
35517.4
35311.1
35311.1
35302.1
35260.7
35227.4
35227.4
35227.4
35227.4
35227.4
35227.4
35227.4
35227.4
35227.4
35210.7
35210.7
35210.7
35210.7
35210.7
35210.7
35210.7
35210.7
35210.7
35210.7
35210.7
35210.7
35210.7
35210.7
35210.7
35144.7
35144.7
35144.7
35144.7
35068.4
35068.4
35068.4
35068.4
35068.4
35068.4
35068.4
35068.4
35068.4
35068.4
35068.4
35068.4
35068.4
35068.4
35068.4
35043.9
35043.9
35043.9
34999
34999
34993.5
34951.5
34951.5
34816.1
34816.1
34816.1
34816.1
34816.1
34816.1
34816.1
34816.1
34816.1
34816.1
34804
34804
34804
34804
34783.8
34783.8
34769.7
34769.7
34769.7
34721.7
34648
34648
34648
34648
34648
34648
34648
34648
34531.7
34520.5
34474.4
34474.4
34474.4
34474.4
34474.4
34474.4
34474.4
34474.4
34474.4
34474.4
34474.4
34474.4
34474.4
34474.4
34474.4
34474.4
34474.4
34474.4
34354.9
34354.9
34354.9
34354.9
34354.9
34354.9
34354.9
34354.9
34354.9
34354.9
34354.9
34354.9
34322.4
34322.4
34322.4
34322.4
34322.4
34322.4
34322.4
34322.4
34138.4
34138.4
34138.4
34138.4
34138.4
34138.4
34138.4
34050.2
34050.2
33847.6
33847.6
33847.6
33795.8
33795.8
33795.8
33759.6
33759.6
33759.6
33722.4
33722.4
33722.4
33688.1
33688.1
33673.8
33587.7
33485.8
33485.8
33440.4
33279.2
33238.2
33196.5
33196.5
33196.5
33196.5
33094.9
33094.9
33094.9
33094.9
33094.9
33094.9
33094.9
33094.9
33094.9
33085.6
33085.6
33052.5
33052.5
33052.5
33052.5
32915.1
32915.1
32915.1
32915.1
32915.1
32915.1
32915.1
32915.1
32915.1
32915.1
32915.1
32915.1
32915.1
32915.1
32915.1
32858.3
32715.7
32715.7
32715.7
32715.7
32715.7
32715.7
32715.7
32605.4
32604.6
32604.6
32604.6
32483.4
32483.4
32483.4
32483.4
32324.9
32324.9
32324.9
32230.8
32161.2
32155.2
32155.2
32155.2
32155.2
32155.2
32155.2
32155.2
32125.5
32125.5
32125.5
32125.5
32125.5
32125.5
32125.5
32125.5
32125.5
32125.5
32125.5
32125.5
32125.5
32125.5
32091
32091
32091
32091
32091
32088.1
32088.1
31932.7
31932.7
31932.7
31932.7
31932.7
31932.7
31932.7
31932.7
31932.7
31932.7
31932.7
31932.7
31932.7
31932.7
31932.7
31932.7
31932.7
31932.7
31932.7
31932.7
31932.7
31922.7
31922.7
31835.8
31835.8
31835.8
31835.8
31835.8
31835.8
31835.8
31835.8
31835.8
31835.8
31835.8
31769.5
31769.5
31769.5
31711.9
31711.9
31672.3
31672.3
31672.3
31672.3
31672.3
31672.3
31672.3
31672.3
31626.4
31626.4
31626.4
31626.4
31540.7
31540.7
31540.7
31540.7
31540.7
31540.7
31540.7
31540.7
31540.7
31481.8
31481.8
31481.8
31481.8
31481.8
31481.8
31481.8
31481.8
31481.8
31481.8
31481.8
31445.1
31445.1
31445.1
31445.1
31445.1
31445.1
31445.1
31445.1
31425.4
31425.4
31425.4
31425.4
31425.4
31425.4
31425.4
31425.4
31425.4
31425.4
31425.4
31425.4
31425.4
31425.4
31425.4
31425.4
31425.4
31425.4
31425.4
31425.4
31425.4
31305.3
31305.3
31305.3
31247.8
31247.8
31247.8
31247.8
31247.8
31240.3
31240.3
31101.8
31101.8
31101.8
31101.8
31101.8
31101.8
31101.8
31101.8
31097.6
31097.6
31089.5
31089.5
31089.5
31089.5
31060.5
30965.5
30965.5
30965.5
30965.5
30965.5
30965.5
30965.5
30965.5
30944.2
30944.2
30861.9
30861.9
30861.9
30861.9
30861.9
30841.2
30841.2
30841.2
30841.2
30841.2
30794.2
30794.2
30794.2
30794.2
30794.2
30772.8
30772.8
30772.8
30652.4
30652.4
30652.4
30652.4
30652.4
30652.4
30652.4
30568.3
30492.3
30492.3
30492.3
30492.3
30492.3
30492.3
30492.3
30492.3
30492.3
30492.3
30466.4
30428.1
30428.1
30428.1
30428.1
30428.1
30406.6
30400.5
30396.3
30396.3
30387.9
30387.9
30343.7
30343.7
30343.7
30343.7
30343.7
30343.7
30343.7
30343.7
30343.7
30228.3
30228.3
30228.3
30228.3
30228.3
30228.3
30228.3
30228.3
30228.3
30228.3
30228.3
30228.3
30228.3
30228.3
30228.3
30228.3
30228.3
30228.3
30228.3
30228.3
29977.8
29977.8
29977.8
29977.8
29977.8
29977.8
29848.8
29848.8
29687.3
29660.9
29660.9
29660.9
29524.4
29524.4
29524.4
29524.4
29518.1
29518.1
29518.1
29518.1
29518.1
29518.1
29518.1
29518.1
29518.1
29518.1
29337.7
29337.7
29337.7
29254.7
29254.7
29254.7
29254.7
29254.7
29254.7
29254.7
29215.2
29215.2
29215.2
29215.2
29215.2
29215.2
29215.2
29215.2
29215.2
29215.2
29215.2
29215.2
29215.2
28993.2
28993.2
28993.2
28993.2
28993.2
28993.2
28721.7
28721.7
28721.7
28721.7
28721.7
28655.8
28592.1
28592.1
28592.1
28592.1
28592.1
28401.6
28401.6
28401.6
28401.6
28283.6
28283.4
28283.4
28283.4
28283.4
28283.4
28283.4
28283.4
28283.4
28136.6
28136.6
28136.6
28136.6
28136.6
28136.6
28136.6
28136.6
28136.6
28126.4
28126.4
28126.4
28126.4
28126.4
28027.7
27926
27926
27926
27926
27858.7
27858.7
27858.7
27858.7
27858.7
27858.7
27858.7
27858.7
27858.7
27793.7
27793.7
27792.1
27792.1
27759.6
27759.6
27759.6
27759.6
27759.6
27681.9
27681.9
27681.9
27681.9
27681.9
27681.9
27681.9
27681.9
27681.9
27681.9
27681.9
27503.9
27503.9
27503.9
27503.9
27503.9
27503.9
27503.9
27503.9
27503.9
27503.9
27503.9
27503.9
27503.9
27503.9
27503.9
27503.9
27503.9
27503.9
27467.5
27467.5
27467.5
27467.5
27467.5
27467.5
27467.5
27467.5
27467.5
27467.5
27467.5
27467.5
27467.5
27458.8
27458.8
27458.8
27424.7
27424.7
27424.7
27358.1
27252.5
27252.5
27252.5
27252.5
27210.6
27210.6
27210.6
27189
27189
27189
27189
27189
27189
27189
27189
27189
27189
27189
27189
27167.4
27167.4
27098.9
27098.9
27098.9
27098.9
27098.9
27098.9
27098.9
27098.9
27098.9
27098.9
27075.4
27075.4
27075.4
27062.9
27062.9
27062.9
27062.9
26943.3
26943.3
26943.3
26943.3
26943.3
26943.3
26943.3
26943.3
26943.3
26804.8
26804.8
26804.8
26804.8
26772.7
26772.7
26772.7
26772.7
26772.7
26772.7
26772.7
26772.7
26772.7
26772.7
26772.7
26772.7
26756.6
26699.4
26699.4
26699.4
26699.4
26699.4
26663.3
26663.3
26663.3
26663.3
26660.6
26660.6
26657.1
26657.1
26657.1
26657.1
26657.1
26657.1
26657.1
26523.3
26467.2
26467.2
26421.8
26421.8
26421.8
26359.8
26359.8
26359.8
26359.8
26359.8
26359.8
26359.8
26359.8
26359.8
26359.8
26359.8
26359.8
26359.8
26359.8
26359.8
26359.8
26359.8
26359.8
26359.8
26336.6
26336.6
26336.6
26336.6
26287
26287
26241.4
26118.7
26118.7
26118.7
26118.7
26118.7
26013.2
26013.2
26013.2
25991.1
25991.1
25991.1
25991.1
25991.1
25991.1
25991.1
25991.1
25991.1
25986.9
25986.9
25986.9
25986.9
25986.9
25986.9
25986.9
25986.9
25986.9
25986.9
25986.9
25986.9
25814.7
25814.7
25814.7
25814.7
25814.7
25814.7
25814.7
25814.7
25814.7
25795.3
25795.3
25795.3
25795.3
25795.3
25795.3
25795.3
25795.3
25795.3
25789.1
25761.3
25761.3
25731.5
25731.5
25731.5
25731.5
25731.5
25731.5
25687.5
25687.5
25687.5
25638.1
25638.1
25638.1
25518.4
25518.4
25518.4
25518.4
25518.4
25441
25441
25441
25441
25441
25441
25441
25441
25441
25441
25398.8
25398.8
25398.8
25398.8
25398.8
25398.8
25355.1
25355.1
25355.1
25355.1
25355.1
25355.1
25176.5
25176.5
25176.5
25176.5
25176.5
25176.5
25176.5
25135.1
25135.1
25135.1
25135.1
25135.1
25135.1
25108.1
25108.1
25108.1
25108.1
25108.1
25108.1
25108.1
25078
25078
25078
25078
25069.3
25069.3
25069.3
25069.3
25069.3
25069.3
25038.5
25038.5
25038.5
25038.5
25038.5
24975.2
24975.2
24975.2
24975.2
24975.2
24975.2
24964.9
24964.9
24957.1
24957.1
24914.8
24914.8
24914.8
24914.8
24914.8
24914.8
24914.8
24914.8
24914.8
24914.8
24877.2
24877.2
24877.2
24877.2
24877.2
24877.2
24877.2
24877.2
24799.7
24799.7
24799.7
24799.7
24799.7
24799.7
24799.7
24799.7
24799.7
24799.7
24799.7
24799.7
24799.7
24799.7
24799.7
24799.7
24799.7
24799.7
24795
24795
24795
24795
24795
24795
24780.5
24780.5
24780.5
24780.5
24780.5
24755.2
24755.2
24755.2
24755.2
24745.1
24743
24743
24743
24743
24743
24641.9
24641.9
24641.9
24641.9
24641.9
24641.9
24641.9
24641.9
24641.9
24641.9
24618.7
24618.7
24618.7
24618.7
24618.7
24618.7
24618.7
24618.7
24618.7
24618.7
24618.7
24618.7
24618.7
24618.7
24618.7
24618.7
24618.7
24618.7
24618.7
24618.7
24618.7
24618.7
24580.7
24579.7
24579.7
24554.6
24554.6
24554.6
24554.6
24554.6
24554.6
24535.5
24535.5
24535.5
24481
24481
24481
24481
24471.9
24471.9
24471.9
24471.9
24471.9
24471.9
24471.9
24471.9
24471.9
24471.9
24471.9
24471.9
24471.9
24471.9
24471.9
24471.9
24471.9
24471.9
24471.9
24471.9
24471.9
24471.9
24471.9
24471.9
24471.9
24433.5
24433.5
24433.5
24433.5
24433.5
24433.5
24433.5
24433.5
24433.5
24433.5
24433.5
24433.5
24433.5
24433.5
24395.9
24395.9
24395.9
24395.9
24395.9
24395.9
24395.9
24365.9
24322.8
24322.8
24322.8
24322.8
24322.8
24322.8
24322.8
24317.2
24317.2
24317.2
24148.4
24148.4
24148.4
24098.2
24098.2
24098.2
24098.2
24098.2
24098.2
24098.2
24098.2
24090.2
24088.4
24088.4
24088.4
24088.4
24088.4
24088.4
24088.4
24088.4
24088.4
24088.4
24085.4
24085.4
24085.4
23972.8
23972.8
23972.8
23972.8
23865.1
23865.1
23771
23771
23771
23771
23768.1
23665
23665
23665
23665
23665
23665
23665
23665
23665
23665
23665
23651.9
23651.9
23651.9
23651.9
23651.9
23651.9
23651.9
23651.9
23646
23646
23646
23646
23646
23646
23646
23646
23646
23646
23646
23642.7
23642.7
23639.3
23639.3
23639.3
23639.3
23521.1
23521.1
23430.9
23430.9
23401.2
23401.2
23345.2
23345.2
23345.2
23345.2
23180.1
23180.1
23157.5
23157.5
23157.5
23151.8
23151.8
23151.8
23151.8
23151.8
23151.8
23151.8
23151.8
23151.8
23151.8
23151.1
23151.1
23151.1
23151.1
23151.1
23151.1
23151.1
23151.1
23142
23142
23142
23142
23142
23142
23142
23089.9
23089.9
23089.9
23089.9
23089.9
23087
23087
23087
23087
23087
23084.1
23060.9
23060.9
23060.9
23060.9
23060.9
23060.9
23039.9
23039.9
23039.9
23039.9
23039.9
23039.9
23039.9
23039.9
23039.9
23039.9
23039.9
23039.9
23039.9
22860.3
22860.3
22860.3
22854
22765.1
22765.1
22754.7
22754.7
22754.7
22754.7
22754.7
22754.7
22754.7
22718.5
22718.5
22718.5
22718.5
22718.5
22718.5
22718.5
22718.5
22718.5
22718.5
22718.5
22718.5
22718.5
22621.9
22621.9
22621.9
22621.9
22621.9
22621.9
22621.9
22618.2
22596.9
22596.9
22596.9
22596.9
22596.9
22596.9
22500.9
22500.9
22457.6
22457.6
22457.6
22381.1
22381.1
22381.1
22381.1
22381.1
22381.1
22381.1
22381.1
22381.1
22381.1
22381.1
22381.1
22381.1
22381.1
22381.1
22381.1
22381.1
22381.1
22378.1
22378.1
22378.1
22372.3
22372.3
22372.3
22372.3
22372.3
22301.4
22301.4
22301.4
22301.4
22301.4
22301.4
22301.4
22301.4
22301.4
22301.4
22301.4
22244.9
22244.9
22244.9
22244.9
22244.9
22244.9
22244.9
22244.9
22244.9
22243.1
22243.1
22243.1
22243.1
22243.1
22175.2
22175.2
22175.2
22175.2
22175.2
22175.2
22175.2
22175.2
22166.5
22166.5
22166.5
22166.5
22166.5
22166.5
22166.5
22166.5
22166.5
22166.5
22166.5
22166.5
22166.5
22166.5
22166.5
22166.5
22084.7
22084.7
22084.7
22084.7
22084.7
22084.7
22062.5
21985.1
21985.1
21680.2
21680.2
21674.4
21674.4
21674.4
21674.4
21674.4
21674.4
21674.4
21674.4
21674.4
21626.4
21563.9
21456.5
21456.5
21456.5
21456.5
21456.5
21456.5
21456.5
21456.5
21456.5
21422.6
21422.6
21422.6
21422.6
21378.8
21378.8
21341.2
21341.2
21341.2
21341.2
21341.2
21341.2
21341.2
21341.2
21258.3
21175.1
21175.1
21175.1
21175.1
21152.2
21152.2
21126.2
21126.2
21126.2
21126.2
21123.8
21123.8
21123.8
21123.8
21123.8
21123.8
21123.8
21123.8
21123.8
21123.8
21123.8
21123.8
21123.8
21123.8
21123.8
21123.8
21123.8
21123.8
21123.8
21123.8
21123.8
21123.8
21123.8
21112.4
21112.4
21112.4
21112.4
21112.4
21112.4
21112.4
21112.4
21112.4
21112.4
21112.4
21112.4
21108.3
21108.3
21108.3
21108.3
21108.3
21108.3
21108.3
21108.3
21108.3
21108.3
21108.3
21089.1
21089.1
21060
21060
21060
21060
21060
21060
21060
21060
21060
20937.7
20937.7
20937.7
20937.7
20937.7
20937.7
20937.7
20937.7
20926.8
20926.8
20926.8
20926.8
20926.8
20926.8
20926.8
20926.8
20914.2
20914.2
20763.3
20763.3
20763.3
20763.3
20763.3
20763.3
20763.3
20763.3
20758.9
20758.9
20748.9
20748.9
20748.9
20748.9
20748.9
20748.9
20748.9
20669.2
20669.2
20657.1
20627.4
20627.4
20627.4
20627.4
20627.4
20627.4
20627.4
20627.4
20627.4
20627.4
20472.5
20472.5
20472.5
20472.5
20472.5
20472.5
20472.5
20472.5
20472.5
20472.5
20469
20435.5
20435.5
20328.3
20328.3
20328.3
20328.3
20328.3
20328.3
20328.3
20328.3
20328.3
20321.8
20321.8
20321.8
20321.8
20321.8
20311.3
20311.3
20298.4
20296.9
20284.7
20270.4
20270.4
20270.4
20270.4
20270.4
20270.4
20270.4
20270.4
20270.4
20270.4
20270.4
20270.4
20270.4
20270.4
20270.4
20270.4
20270.4
20270.4
20270.4
20270.4
20270.4
20257.4
20257.4
20257.4
20257.4
20244.7
20244.7
20244.7
20187.9
20187.9
20187.9
20187.9
20154.1
20154.1
20154.1
20154.1
20154.1
20154.1
20154.1
20154.1
20154.1
20154.1
20154.1
20154.1
20154.1
20154.1
20154.1
20154.1
20154.1
20154.1
20154.1
20149.8
20149.8
20144.3
20144.3
20144.3
20144.3
20144.3
20144.3
20144.3
20140
20140
20140
20140
20140
20120.5
20120.5
20120.5
20082.8
20030.4
20030.4
20030.4
20030.4
20030.4
20030.4
20030.4
20030.4
20030.4
20030.4
20030.4
20030.4
20030.4
20030.4
20030.4
20030.4
20030.4
19967.1
19967.1
19967.1
19967.1
19967.1
19967.1
19967.1
19967.1
19967.1
19967.1
19967.1
19967.1
19967.1
19967.1
19967.1
19956
19889.6
19889.6
19838.6
19838.6
19838.6
19838.6
19838.6
19838.6
19838.6
19838.6
19831.2
19831.2
19831.2
19831.2
19831.2
19831.2
19831.2
19831.2
19831.2
19725.5
19688.8
19687.8
19687.8
19687.8
19687.8
19687.8
19687.8
19687.8
19687.8
19656.6
19656.6
19656.6
19646.8
19626.9
19626.9
19626.9
19626.9
19626.9
19626.9
19626.9
19626.9
19626.9
19626.9
19580.3
19580.3
19580.3
19580.3
19580.3
19580.3
19580.3
19580.3
19580.3
19580.3
19580.3
19580.3
19580.3
19580.3
19580.3
19580.3
19563.2
19563.2
19563.2
19552.8
19323
19323
19323
19323
19323
19294.9
19294.9
19294.9
19286.1
19286.1
19286.1
19286.1
19286.1
19286.1
19286.1
19285.5
19235.9
19235.9
19235.9
19190
19190
19190
19190
19190
19180.6
19172.3
19172.3
19172.3
19172.3
19172.3
19102.5
19102.5
19102.5
19102.5
19102.5
19053.1
19053.1
19053.1
19053.1
19053.1
19053.1
19053.1
19053.1
19053.1
19053.1
19009.1
19009.1
19009.1
19009.1
19009.1
19009.1
19009.1
19009.1
19009.1
19009.1
18981.9
18981.9
18981.9
18981.9
18981.9
18981.9
18981.9
18981.9
18980.4
18980.4
18980.4
18980.4
18980.4
18980.4
18980.4
18980.4
18980.4
18980.4
18980.4
18980.4
18980.4
18980.4
18980.4
18980.4
18980.4
18980.4
18980.4
18980.4
18974.1
18974.1
18974.1
18913.3
18892.8
18892.8
18892.8
18892.8
18892.8
18892.8
18892.8
18892.8
18892.8
18892.8
18881.5
18881.5
18881.5
18738
18738
18738
18738
18722.5
18722.5
18722.5
18722.5
18722.5
18722.5
18722.5
18722.5
18722.5
18722.5
18722.5
18692.6
18692.6
18692.6
18692.6
18692.6
18683
18683
18683
18683
18683
18683
18683
18636.2
18636.2
18636.2
18636.2
18636.2
18636.2
18636.2
18636.2
18571.6
18571.6
18571.6
18571.6
18539.7
18539.7
18539.7
18539.7
18525.6
18473.8
18473.8
18473.8
18473.8
18473.8
18473.8
18473.8
18473.8
18473.8
18473.8
18473.8
18473.8
18473.8
18473.8
18473.8
18393.2
18393.2
18371.8
18371.8
18371.8
18358
18358
18358
18358
18358
18358
18285.1
18285.1
18285.1
18285.1
18213
18213
18213
18185.1
18185.1
18185.1
18185.1
18185.1
18185.1
18133.5
18133.5
18133.5
18133.5
18133.5
18133.5
18133.5
18133.5
18133.5
18133.5
18133.5
18133.5
18133.5
18133.5
18119.2
18119.2
18119.2
18119.2
18119.2
18119.2
18119.2
18119.2
18105.8
18105.8
18105.8
18105.8
18105.8
18105.8
18007.5
18007.5
18007.5
18007.5
18007.5
18007.5
17882.2
17882.2
17882.2
17882.2
17882.2
17882.2
17882.2
17882.2
17882.2
17882.2
17882.2
17882.2
17882.2
17882.2
17784.6
17784.6
17784.6
17769.6
17769.6
17769.6
17769.6
17769.6
17769.6
17769.6
17769.6
17741.8
17740.4
17673.1
17673.1
17673.1
17673.1
17673.1
17666
17666
17666
17617.8
17617.8
17616.6
17616.6
17616.6
17616.6
17528.1
17528.1
17528.1
17516.9
17516.9
17516.9
17516.9
17516.9
17516.9
17516.9
17516.9
17516.9
17516.9
17516.9
17516.9
17516.9
17516.9
17516.9
17516.9
17516.9
17516.9
17516.9
17478.5
17478.5
17478.5
17478.5
17478.5
17478.5
17478.5
17478.5
17478.5
17478.5
17478.5
17478.5
17478.5
17478.5
17478.5
17453.9
17453.9
17439.7
17439.7
17439.7
17439.7
17439.7
17439.7
17439.7
17394.2
17394.2
17394.2
17394.2
17394.2
17394.2
17394.2
17394.2
17394.2
17394.2
17394.2
17394.2
17394.2
17394.2
17394.2
17391.2
17391.2
17391.2
17391.2
17391.2
17391.2
17391.2
17391.2
17391.2
17391.2
17391.2
17391.2
17306.5
17306.5
17287.6
17287.6
17287.6
17287.6
17287.6
17287.6
17287.6
17287.6
17287.6
17287.6
17287.6
17287.6
17287.6
17287.6
17287.6
17287.6
17287.6
17287.6
17220.8
17220.8
17220.8
17220.8
17220.8
17220.8
17220.8
17177.5
17177.5
17177.5
17177.5
17177.5
17177.5
17177.5
17177.5
17177.5
17177.5
17177.5
17177.5
17177.5
17177.5
17177.5
17177.5
17177.5
17177.5
17177.5
17177.5
17177.5
17177.5
17177.5
17177.5
17177.5
17177.5
17177.5
17177.5
17177.5
17177.5
17177.5
17132.9
17132.9
17132.9
17118.7
17118.7
17118.7
17118.7
17118.7
17118.7
17118.7
17118.7
17068.8
16995
16924.2
16924.2
16924.2
16924.2
16863.9
16863.9
16863.9
16863.9
16863.9
16863.9
16863.9
16863.9
16863.9
16863.9
16863.9
16863.9
16863.9
16863.9
16863.9
16863.9
16863.9
16863.9
16863.9
16863.9
16863.9
16863.9
16782.4
16782.4
16782.4
16782.4
16782.4
16782.4
16782.4
16782.4
16782.4
16782.4
16782.4
16782.4
16782.4
16782.4
16782.4
16782.1
16782.1
16782.1
16782.1
16782.1
16782.1
16782.1
16782.1
16782.1
16782.1
16782.1
16782.1
16782.1
16782.1
16772.6
16772.6
16772.6
16772.6
16772.6
16772.6
16772.6
16772.6
16772.6
16772.6
16772.6
16772.6
16772.6
16772.6
16772.6
16772.6
16772.6
16772.6
16772.6
16772.6
16772.6
16772.6
16772.6
16772.6
16772.6
16772.6
16772.6
16772.6
16772.6
16772.6
16727.2
16727.2
16727.2
16720.5
16720.5
16720.5
16720.5
16720.5
16720.5
16679.1
16557.2
16557.2
16557.2
16496.1
16496.1
16477.6
16477.6
16477.6
16477.6
16477.6
16477.6
16477.6
16477.6
16477.6
16477.6
16477.6
16477.6
16442.5
16422.5
16422.5
16422.5
16422.5
16422.5
16391.7
16391.7
16391.7
16391.7
16389.4
16389.4
16389.4
16389.4
16389.4
16389.4
16389.4
16389.4
16389.4
16389.4
16389.4
16373.5
16373.5
16373.5
16373.5
16373.5
16373.5
16373.5
16373.5
16301
16301
16301
16301
16301
16301
16301
16301
16300.5
16300.5
16300.5
16300.5
16300.5
16300.5
16300.5
16300.5
16300.5
16300.5
16300.5
16300.5
16300.5
16300.5
16290.6
16290.6
16290.6
16290.6
16287.5
16287.5
16287.5
16287.5
16267.4
16267.4
16267.4
16203.3
16203.3
16203.3
16203.3
16203.3
16203.3
16203.3
16203.3
16203.3
16203.3
16203.3
16180.7
16180.7
16180.7
16180.7
16180.7
16180.7
16180.7
16180.7
16154.7
16154.7
16107
16107
16102.9
16102.9
16102.9
16102.9
16102.9
16102.9
16097.5
16097.5
16097.5
16097.5
16097.5
16097.5
16097.5
16097.5
16097.5
16097.5
16097.5
16097.5
16097.5
16097.5
16097.5
16097.5
16097.5
16097.5
16097.5
16097.5
16058.9
16058.9
16058.9
16058.9
16058.9
16058.9
16058.9
16058.9
16058.9
16058.9
16058.9
16058.9
16058.9
16058.9
16058.9
16058.9
16057.4
16010.4
16010.4
16010.4
15996.7
15995.8
15995.8
15995.8
15995.8
15995.8
15995.8
15995.8
15995.8
15995.8
15995.8
15995.8
15995.8
15995.8
15980.7
15980.7
15980.7
15898
15898
15898
15898
15898
15878.5
15878.5
15878.5
15878.5
15878.5
15878.5
15763.4
15763.4
15763.4
15763.4
15763.4
15763.4
15763.4
15763.4
15729.5
15729.5
15729.5
15729.5
15729.5
15729.5
15729.5
15729.5
15718
15718
15715.5
15715.5
15715.5
15715.5
15715.5
15715.5
15701.9
15701.9
15701.9
15701.9
15701.9
15701.9
15701.9
15673.4
15673.4
15673.4
15673.4
15643.7
15643.7
15643.7
15643.7
15643.7
15643.7
15643.7
15643.7
15643.7
15643.7
15643.7
15643.7
15643.7
15615.5
15615.5
15615.5
15593.7
15581.1
15581.1
15581.1
15581.1
15581.1
15581.1
15541.7
15541.7
15541.7
15541.7
15541.7
15446.2
15446.2
15446.2
15446.2
15446.2
15446.2
15446.2
15446.2
15428.5
15428.5
15428.5
15428.5
15428.5
15415.6
15415.6
15415.6
15415.6
15386.3
15386.3
15386.3
15386.3
15386.3
15386.3
15361.5
15361.5
15361.5
15361.5
15361.5
15361.5
15361.5
15361.5
15361.5
15361.5
15305.8
15305.8
15305.8
15305.8
15305.8
15305.8
15291.6
15291.6
15291.6
15291.6
15291.6
15291.6
15291.6
15291.6
15287.5
15287.5
15287.5
15287.5
15287.5
15287.5
15287.5
15287.5
15249.9
15249.9
15249.9
15249.9
15249.9
15249.9
15249.9
15249.9
15234.4
15234.4
15234.4
15234.4
15029.7
15029.7
14983
14983
14983
14983
14983
14983
14983
14982
14982
14982
14982
14982
14982
14877
14877
14877
14877
14877
14877
14877
14877
14877
14877
14877
14799.1
14799.1
14799.1
14799.1
14799.1
14799.1
14799.1
14799.1
14799.1
14799.1
14799.1
14776.3
14769.5
14769.5
14769.5
14769.5
14769.5
14769.5
14769.5
14769.5
14769.5
14769.5
14769.5
14755.1
14755.1
14755.1
14755.1
14755.1
14755.1
14755.1
14755.1
14755.1
14755.1
14755.1
14755.1
14755.1
14755.1
14755.1
14755.1
14755.1
14755.1
14718.9
14718.9
14718.9
14718.9
14718.9
14718.9
14718.9
14708.7
14708.7
14708.7
14708.7
14708.7
14708.7
14708.7
14708.7
14708.7
14708.7
14708.7
14708.7
14708.7
14708.7
14655.7
14655.7
14655.7
14655.7
14655.7
14655.7
14650
14650
14650
14650
14650
14650
14650
14650
14627.3
14627.3
14627.3
14627.3
14586.5
14586.5
14586.5
14586.5
14563.8
14563.8
14553
14553
14553
14534.3
14534.3
14527.9
14527.9
14527.9
14527.9
14527.9
14527.9
14527.9
14527.9
14527.9
14492.2
14492.2
14492.2
14492.2
14481
14481
14481
14465.7
14465.7
14465.7
14465.7
14465.7
14465.7
14465.7
14465.7
14465.7
14465.7
14465.7
14465.7
14465.7
14465.7
14465.7
14465.7
14465.7
14465.7
14465.7
14465.7
14465.7
14465.7
14465.7
14465.7
14465.7
14465.7
14465.7
14465.7
14465.7
14465.7
14465.7
14426.6
14426.6
14426.6
14426.6
14426.6
14426.6
14426.6
14426.6
14426.6
14426.6
14426.6
14426.6
14426.6
14426.6
14426.6
14426.6
14426.6
14426.6
14426.6
14426.6
14423.8
14423.8
14423.8
14422.4
14422.4
14422.4
14422.4
14422.4
14422.4
14422.4
14422.4
14422.4
14422.4
14422.4
14422.4
14422.4
14422.4
14422.4
14422.4
14422.4
14422.4
14422.4
14422.4
14422.4
14422.4
14422.4
14422.4
14422.4
14422.4
14422.4
14422.4
14422.4
14422.4
14422.4
14392.2
14372.2
14372.2
14340.2
14340.2
14340.2
14284.5
14284.5
14284.5
14284.5
14265.6
14265.6
14265.6
14265.6
14265.6
14265.6
14247
14247
14247
14247
14216
14216
14216
14148.2
14148.2
14148.2
14073.5
14073.5
14073.5
14073.5
14073.5
14064.7
14064.7
14064.7
14064.7
14064.7
14051.8
14051.8
14051.8
14051.8
14051.8
14051.8
14051.8
14051.8
14051.8
14051.8
14051.8
14051.8
14051.8
14051.8
14051.8
14051.8
14051.8
14051.8
14051.8
14051.8
14051.8
14051.8
14051.8
14051.8
14051.8
14051.8
14051.8
14051.8
14051.8
14051.8
14051.8
14051.8
14051.8
14051.8
14033.9
14033.9
14033.9
14033.9
14033.9
14033.9
14033.9
14033.9
14033.9
14033.9
14033.9
13951.9
13951.9
13951.9
13951.9
13951.9
13951.9
13951.9
13951.9
13951.9
13951.9
13951.1
13951.1
13951.1
13951.1
13951.1
13951.1
13951.1
13951.1
13933.5
13933.5
13933.5
13933.5
13933.5
13925.7
13918.5
13918.5
13918.5
13918.5
13918.5
13918.5
13918.5
13918.5
13918.5
13918.5
13884
13884
13884
13884
13884
13813.2
13813.2
13773.5
13773.5
13773.5
13773.5
13740.7
13740.7
13740.7
13740.7
13695.4
13695.4
13695.4
13695.4
13695.4
13680.6
13680.6
13671.2
13671.2
13671.2
13671.2
13671.2
13671.2
13671.2
13671.2
13671.2
13662.5
13662.5
13662.5
13628.1
13628.1
13628.1
13628.1
13628.1
13622.7
13622.7
13622.7
13622.7
13622.7
13622.7
13622.7
13601.4
13601.4
13601.4
13601.4
13601.4
13601.4
13601.4
13601.4
13601.4
13601.4
13595.3
13595.3
13595.3
13585.9
13585.9
13585.9
13585.9
13585.9
13555.7
13555.7
13555.7
13555.7
13555.7
13555.7
13555.7
13555.7
13555.7
13555.7
13522.2
13522.2
13522.2
13522.2
13522.2
13522.2
13522.2
13522.2
13522.2
13522.2
13522.2
13522.2
13522.2
13522.2
13504.7
13504.7
13504.7
13498.4
13498.4
13492.7
13492.7
13492.7
13492.7
13492.7
13446.3
13446.3
13444.2
13444.2
13444.2
13444.2
13434.5
13434.5
13434.5
13434.5
13434.5
13434.5
13434.5
13358.7
13358.7
13358.7
13358.7
13358.7
13358.7
13341.9
13341.9
13341.9
13331.5
13331.5
13331.5
13331.5
13331.5
13331.5
13331.5
13331.5
13331.5
13331.5
13331.5
13331.5
13331.5
13331.5
13331.5
13331.5
13331.5
13331.5
13331.5
13331.5
13331.5
13331.5
13331.5
13331.5
13331.5
13331.5
13331.5
13331.5
13331.5
13331.5
13308
13308
13308
13308
13308
13308
13308
13308
13308
13308
13287.1
13287.1
13287.1
13287.1
13287.1
13287.1
13287.1
13287.1
13287.1
13248.9
13248.9
13195.8
13195.8
13195.8
13195.8
13195.8
13190
13190
13190
13190
13190
13190
13190
13190
13190
13190
13190
13190
13190
13190
13190
13190
13190
13190
13190
13190
13190
13190
13190
13190
13190
13190
13190
13190
13190
13190
13190
13190
13190
13190
13190
13126.3
13126.3
13126.3
13126.3
13126.3
13126.3
13126.3
13126.3
13126.3
13126.3
13126.3
13126.3
13100
13091.9
13091.9
13091.9
13091.9
13091.9
13041.3
13041.3
13041.3
12996.4
12996.4
12935.1
12935.1
12924.6
12924.6
12924.6
12924.6
12924.6
12921.1
12921.1
12921.1
12921.1
12921.1
12921.1
12921.1
12921.1
12921.1
12921.1
12915.8
12915.8
12915.8
12876.2
12876.2
12876.2
12873.6
12873.6
12873.6
12873.6
12873.6
12873.6
12873.6
12873.6
12873.6
12855.7
12850.9
12850.9
12850.9
12816.4
12816.4
12816.4
12816.4
12816.4
12816.4
12816.4
12816.4
12816.4
12794.8
12794.8
12794.8
12794.8
12794.8
12785.7
12785.7
12662.4
12662.4
12662.4
12585.5
12585.5
12585.5
12585.5
12585.5
12585.5
12585.5
12585.5
12549.2
12549.2
12549.2
12549.2
12516.6
12516.6
12516.6
12516.6
12516.6
12507.5
12507.5
12504.7
12504.7
12497.6
12442.7
12442.7
12442.7
12442.7
12442.7
12442.7
12442.7
12442.7
12442.7
12442.7
12442.7
12442.7
12442.7
12442.7
12434.1
12434.1
12418.4
12418.4
12418.4
12418.4
12418.4
12418.4
12398.9
12398.9
12398.9
12398.9
12398.9
12398.9
12398.9
12398.9
12398.9
12398.9
12398.9
12398.9
12398.9
12398.9
12398.9
12398.9
12398.9
12382.6
12382.6
12382.6
12382.6
12382.6
12307.7
12307.7
12307.7
12307.7
12307.7
12296.1
12296.1
12296.1
12296.1
12296.1
12296.1
12296.1
12296.1
12296.1
12296.1
12234.4
12234.4
12226.6
12226.6
12225.6
12225.6
12199.1
12199.1
12199.1
12199.1
12199.1
12199.1
12199.1
12199.1
12199.1
12199.1
12148.3
12148.3
12148.3
12148.3
12148.3
12125.6
12125.6
12105
12105
12105
12088.4
12069.2
12069.2
12069.2
12069.2
12069.2
12069.2
12069.2
12069.2
12069.2
12069.2
12069.2
12025.1
12012
12011.5
12011.5
12011.5
12011.5
11992.9
11992.9
11992.9
11992.9
11992.9
11992.9
11992.9
11992.9
11992.9
11936.4
11936.4
11936.4
11936.4
11936.4
11936.4
11936.4
11936.4
11936.4
11936.4
11936.4
11936.4
11936.4
11936.4
11936.4
11936.4
11933
11933
11933
11827.1
11827.1
11791.6
11791.6
11791.6
11791.6
11791.6
11791.6
11791.6
11791.6
11791.6
11791.6
11752.5
11742.7
11742.7
11742.7
11742.7
11742.7
11742.7
11742.7
11742.7
11742.7
11723.9
11723.9
11723.9
11723.9
11723.9
11723.9
11723.9
11723.9
11723.9
11723.9
11723
11723
11723
11723
11723
11693.3
11693.3
11693.3
11693.3
11693.3
11693.3
11692.7
11684.6
11684.6
11684.6
11674.2
11674.2
11674.2
11674.2
11674.2
11674.2
11674.2
11674.2
11674.2
11619.1
11619.1
11588.6
11588.6
11588.6
11588.6
11560
11540.3
11540.3
11540.3
11536
11536
11536
11536
11536
11536
11536
11536
11536
11536
11536
11536
11536
11536
11536
11536
11522.2
11489.3
11455.3
11455.3
11455.3
11455.3
11455.3
11451.6
11451.6
11451.6
11440.9
11440.9
11440.9
11440.9
11440.9
11440.9
11440.9
11438.4
11438.4
11438.4
11438.4
11438.4
11438.4
11437.9
11437.9
11437.9
11437.9
11437.9
11413.3
11413.3
11413.3
11413.3
11413.3
11413.3
11413.3
11413.3
11413.3
11413.3
11413.3
11413.3
11413.3
11413.3
11413.3
11413.3
11413.3
11413.3
11395.2
11395.2
11388.5
11388.5
11388.5
11388.5
11384.8
11384.8
11372.1
11372.1
11372.1
11372.1
11372.1
11372.1
11372.1
11372.1
11312.4
11312.4
11312.4
11312.4
11312.4
11312.4
11312.4
11312.4
11312.4
11312.4
11312.4
11305.6
11305.6
11305.6
11305.6
11305.6
11305.6
11305.6
11277.4
11277.4
11276.3
11276.3
11276.3
11276.3
11270.7
11270.7
11270.7
11270.7
11270.7
11270.7
11270.7
11270.7
11270.7
11270.7
11270.7
11270.7
11270.7
11270.7
11270.7
11270.7
11270.7
11270.7
11270.7
11270.7
11270.7
11270.7
11270.7
11258
11258
11258
11258
11258
11258
11258
11258
11258
11258
11258
11258
11258
11258
11258
11258
11258
11258
11258
11258
11258
11258
11258
11201.6
11201.6
11201.6
11201.6
11189.5
11189.5
11189.5
11189.5
11189.5
11189.5
11189.5
11189.5
11189.5
11189.5
11189.5
11189.5
11189.5
11189.5
11189.5
11189.5
11159.1
11159.1
11159.1
11122.8
11122.8
11122.8
11122.8
11122.8
11122.8
11122.8
11122.8
11122.8
11122.8
11122.8
11122.8
11122.8
11122.8
11028
10950.2
10950.2
10950.2
10950.2
10950.2
10950.2
10950.2
10943.8
10932
10932
10906
10904.2
10904.2
10904.2
10904.2
10904.2
10904.2
10904.2
10904.2
10904.2
10866.5
10866.5
10866.5
10866.5
10866.5
10826.9
10762.6
10762.6
10762.6
10762.6
10762.6
10760
10760
10760
10760
10760
10760
10760
10760
10760
10760
10760
10760
10760
10760
10756.6
10756.6
10756.6
10756.6
10756.6
10756.6
10756.6
10756.6
10756.6
10756.6
10756.6
10756.6
10756.6
10756.6
10756.6
10756.6
10756.6
10753.5
10743.4
10743.4
10743.4
10743.4
10743.4
10743.4
10735.7
10735.7
10735.7
10735.7
10735.7
10735.7
10735.7
10735.7
10735.7
10735.7
10735.7
10735.7
10735.7
10735.7
10735.7
10735.7
10735.7
10735.7
10727.7
10714
10714
10714
10646.5
10646.5
10646.5
10646.5
10646.5
10646.5
10646.5
10646.5
10646.5
10646.5
10646.5
10646.5
10646.5
10646.5
10635.1
10635.1
10635.1
10611.2
10611.2
10604.8
10604.8
10604.8
10604.8
10604.8
10598
10598
10598
10598
10598
10598
10598
10596
10596
10590.8
10590.8
10590.8
10581
10581
10581
10581
10581
10581
10572.8
10572.8
10572.8
10475.5
10475.5
10475.5
10475.5
10475.5
10475.5
10475.5
10475.5
10475.5
10413.5
10413.5
10413.5
10413.5
10413.5
10395.2
10378.2
10378.2
10378.2
10378.2
10351.7
10351.7
10351.7
10351.7
10351.7
10351.7
10351.7
10351.7
10351.7
10351.7
10351.7
10351.7
10351.7
10351.7
10351.7
10351.7
10351.7
10351.7
10335.9
10335.9
10335.9
10335.9
10335.9
10335.9
10335.9
10335.9
10275.6
10275.6
10195.2
10158.1
10158.1
10158.1
10158.1
10158.1
10158.1
10158.1
10081.4
10081.4
10016.5
10016.5
10016.5
10016.5
10016.5
10016.5
10016.5
10016.5
10016.5
10016.5
10016.5
10016.5
10016.5
10016.5
10016.5
10016.5
10016.5
10016.5
10016.5
10016.5
10016.5
10016.5
10016.5
10016.5
10016.5
10014.2
10014.2
10014.2
10014.2
10014.2
10014.2
10014.2
10014.2
10014.2
10014.2
10014.2
10014.2
10007.5
10007.5
10007.5
10007.5
10007.5
10007.5
10007.5
10007.5
10007.5
10007.5
10007.5
10007.5
10007.5
10007.5
10007.5
10007.5
10007.5
10007.5
10007.5
9966.57
9966.57
9965.41
9965.41
9965.41
9965.41
9965.41
9965.41
9965.41
9965.41
9965.41
9965.41
9965.41
9965.41
9965.41
9965.41
9965.41
9962.41
9962.41
9950.78
9950.78
9925.1
9925.1
9925.1
9925.1
9925.1
9925.1
9925.1
9925.1
9925.1
9925.1
9925.1
9865.41
9865.41
9865.41
9865.41
9852.45
9852.45
9852.45
9852.45
9852.45
9852.45
9852.45
9852.45
9852.45
9852.45
9852.45
9852.45
9852.45
9852.45
9852.45
9852.45
9852.45
9846.94
9846.94
9846.94
9846.94
9839.65
9839.65
9805.86
9805.86
9805.86
9805.86
9805.86
9805.86
9805.86
9805.86
9805.86
9805.86
9805.86
9805.86
9805.86
9805.86
9805.86
9805.86
9805.86
9805.86
9805.86
9805.86
9805.86
9805.86
9805.86
9805.86
9805.86
9805.86
9805.86
9805.86
9805.86
9805.86
9793.33
9793.33
9793.33
9793.33
9793.33
9793.33
9753.37
9753.37
9753.37
9753.37
9753.37
9753.37
9742.53
9742.53
9742.53
9742.53
9742.53
9742.53
9742.53
9742.53
9742.53
9742.53
9742.53
9742.53
9742.53
9705.88
9705.88
9705.88
9705.88
9705.88
9705.88
9705.88
9664.41
9664.41
9579.37
9563.45
9563.45
9563.45
9543.37
9543.37
9543.37
9543.37
9543.37
9492.69
9492.69
9492.69
9492.69
9492.69
9492.69
9492.69
9492.69
9492.69
9492.69
9492.69
9489.22
9489.22
9489.22
9489.22
9489.22
9489.22
9489.22
9489.22
9489.22
9489.22
9489.22
9489.22
9489.22
9489.22
9489.22
9481.73
9481.73
9481.73
9481.73
9481.73
9481.73
9481.73
9481.73
9481.73
9481.73
9476.57
9476.57
9476.57
9476.57
9476.57
9476.57
9476.57
9476.57
9476.57
9476.57
9476.57
9476.57
9471
9471
9471
9471
9471
9471
9471
9437.29
9437.29
9437.29
9422.24
9422.24
9422.24
9422.24
9393.02
9393.02
9393.02
9377.49
9377.49
9377.49
9377.49
9377.49
9377.49
9377.49
9377.49
9377.49
9377.49
9377.49
9377.49
9377.49
9377.49
9377.49
9377.49
9377.49
9377.49
9377.49
9377.49
9373.94
9373.94
9362.69
9362.69
9362.69
9362.69
9362.69
9362.69
9362.69
9362.69
9362.69
9362.69
9362.69
9362.69
9362.69
9362.69
9362.69
9362.69
9351.53
9351.53
9351.53
9351.53
9339.55
9339.55
9339.55
9338.55
9338.55
9338.55
9338.55
9338.55
9338.55
9338.55
9338.55
9338.55
9338.55
9338.55
9338.55
9338.55
9338.55
9338.55
9338.55
9338.55
9338.55
9338.55
9338.55
9338.55
9338.55
9326.39
9326.12
9326.12
9326.12
9260.02
9260.02
9260.02
9260.02
9260.02
9260.02
9260.02
9260.02
9260.02
9251.67
9251.67
9232.25
9232.25
9232.25
9232.25
9232.25
9232.25
9232.25
9232.25
9232.25
9232.25
9232.25
9208.82
9208.82
9208.82
9198.82
9198.82
9198.82
9198.82
9198.82
9198.82
9198.82
9198.82
9198.82
9159.61
9159.61
9141.24
9141.24
9140.61
9140.61
9140.61
9124.76
9124.76
9124.76
9124.76
9124.76
9124.76
9124.76
9124.76
9124.76
9124.76
9124.76
9124.76
9124.76
9124.76
9124.76
9124.76
9124.76
9124.76
9124.76
9111.76
9107.78
9107.78
9107.78
9107.78
9107.78
9107.78
9107.78
9107.78
9090.47
9090.47
9090.47
9090.47
9090.47
9090.47
9090.47
9090.47
9090.47
9090.47
9090.47
9061.57
9061.57
9061.57
9061.57
9061.57
9040.9
9040.9
9040.9
9040.9
9040.9
9040.9
9040.9
9040.9
9037.57
9037.57
9037.57
9037.57
9037.57
9037.57
9037.57
9037.57
9037.57
9037.57
9037.57
9037.57
9037.57
8990.76
8990.76
8990.76
8990.76
8990.76
8990.76
8990.76
8980.9
8980.9
8980.9
8980.9
8980.9
8980.9
8980.9
8980.9
8980.9
8980.9
8980.9
8980.9
8980.9
8980.9
8980.9
8980.9
8980.9
8980.9
8980.9
8980.9
8980.9
8980.9
8980.9
8980.9
8980.9
8980.9
8980.9
8980.9
8980.9
8960.1
8960.1
8960.1
8960.1
8960.1
8960.1
8960.1
8960.1
8960.1
8960.1
8945.31
8945.31
8945.31
8924.22
8924.22
8924.22
8924.18
8916.27
8916.18
8916.18
8916.18
8916.18
8916.18
8916.18
8916.18
8916.18
8916.18
8916.18
8916.18
8916.18
8916.18
8916.18
8916.18
8916.18
8916.18
8904.06
8904.06
8904.06
8904.06
8904.06
8904.06
8904.06
8904.06
8904.06
8904.06
8904.06
8904.06
8904.06
8904.06
8893.14
8893.14
8893.14
8893.06
8888.67
8888.67
8888.67
8888.67
8888.67
8888.67
8888.67
8888.67
8888.67
8888.67
8888.67
8888.67
8888.67
8888.67
8888.67
8888.67
8888.67
8888.67
8888.67
8856.73
8856.73
8856.73
8856.73
8856.73
8856.73
8856.73
8856.73
8856.73
8856.73
8856.73
8856.73
8839.16
8839.16
8839.16
8839.16
8839.16
8839.16
8839.16
8839.16
8839.16
8839.16
8839.16
8823.8
8823.8
8823.8
8823.8
8811.06
8811.06
8811.06
8811.06
8777.73
8777.73
8777.73
8777.73
8777.73
8777.73
8757.31
8757.31
8757.31
8757.31
8757.31
8757.31
8757.31
8757.31
8757.31
8757.31
8757.31
8757.31
8757.31
8757.31
8757.31
8741.86
8741.86
8729.39
8729.39
8729.39
8729.39
8729.39
8729.39
8729.39
8729.39
8729.39
8729.39
8729.39
8729.39
8717.88
8717.88
8717.88
8717.88
8717.88
8717.88
8717.88
8717.88
8717.88
8717.88
8717.88
8717.88
8717.88
8705.24
8705.24
8705.24
8705.24
8705.24
8705.24
8690.75
8690.75
8690.75
8690.75
8690.75
8690.75
8690.75
8690.75
8690.75
8690.75
8690.75
8690.75
8690.75
8672.24
8672.24
8672.24
8653.55
8653.55
8653.55
8653.55
8653.55
8653.55
8653.55
8653.55
8652.8
8652.8
8652.8
8652.8
8652.8
8652.8
8644.53
8644.53
8644.53
8644.53
8644.53
8621.22
8621.22
8621.22
8621.22
8621.22
8621.22
8620.8
8620.8
8620.8
8611.73
8611.73
8611.73
8611.73
8611.73
8611.73
8611.73
8603.92
8603.92
8603.92
8601.55
8590.94
8548.98
8548.98
8548.98
8548.98
8548.98
8548.98
8515.59
8515.59
8515.59
8515.59
8515.59
8515.59
8515.59
8515.59
8515.59
8515.59
8504.39
8477.29
8477.29
8477.29
8477.29
8477.29
8477.29
8477.29
8477.29
8477.29
8477.29
8477.29
8477.29
8477.29
8477.29
8477.29
8477.29
8471.22
8471.22
8471.22
8471.22
8467.96
8467.96
8467.96
8467.96
8461.33
8461.33
8461.33
8461.33
8461.33
8461.33
8461.33
8461.33
8461.33
8421.82
8407.67
8407.67
8380.92
8380.92
8380.92
8380.92
8380.92
8357.88
8357.88
8350.96
8350.96
8350.96
8350.96
8350.96
8350.96
8350.96
8350.96
8350.96
8350.96
8343.67
8343.67
8343.67
8343.67
8343.67
8343.67
8343.67
8342.16
8342.16
8342.16
8337.98
8337.98
8337.98
8337.98
8337.98
8337.98
8337.98
8337.98
8337.98
8337.98
8337.98
8337.98
8337.98
8337.98
8337.98
8337.98
8337.98
8311.53
8311.53
8311.53
8309.59
8302.29
8302.29
8302.29
8302.29
8302.29
8302.29
8302.29
8302.29
8302.29
8302.29
8302.29
8302.29
8302.29
8302.29
8302.29
8302.29
8292.1
8292.1
8292.1
8281.02
8281.02
8281.02
8281.02
8281.02
8281.02
8281.02
8281.02
8281.02
8240.57
8240.57
8240.57
8240.57
8240.57
8240.57
8240.57
8240.57
8240.57
8240.57
8190.29
8190.29
8190.29
8190.29
8190.29
8190.29
8190.29
8190.29
8190.29
8190.29
8190.29
8190.29
8190.29
8190.29
8190.29
8190.29
8190.29
8190.29
8190.29
8190.29
8190.29
8181.35
8181.35
8181.35
8181.35
8175.75
8151.63
8151.63
8151.63
8134.84
8129.61
8129.61
8129.61
8129.61
8129.61
8129.61
8129.61
8129.61
8129.61
8129.61
8129.61
8129.61
8109.63
8109.63
8109.63
8109.63
8109.63
8109.63
8109.63
8104.94
8104.94
8104.94
8104.94
8078.12
8078.12
8075.2
8075.2
8025.8
8025.8
8025.8
8025.8
8025.8
8025.8
8025.8
8025.8
8025.8
8025.8
8025.8
8025.8
8025.8
8025.8
8025.8
8007.88
8007.88
7997.31
7997.31
7997.31
7997.31
7949.25
7949.25
7949.25
7949.25
7940.75
7940.75
7940.75
7896.69
7894.55
7894.55
7894.55
7894.55
7894.55
7871.18
7871.18
7871.18
7871.18
7871.18
7858.55
7852.53
7852.53
7852.53
7823.69
7823.69
7811.94
7811.94
7811.94
7798.18
7798.18
7786.53
7786.53
7766
7766
7766
7766
7766
7766
7750.73
7750.73
7750.73
7718.69
7718.69
7718.69
7718.69
7718.69
7718.69
7718.69
7718.69
7718.69
7718.69
7718.69
7718.69
7713.29
7713.29
7713.29
7713.29
7713.29
7713.29
7713.29
7713.29
7713.29
7699.78
7699.78
7699.78
7699.78
7699.78
7699.78
7699.78
7699.78
7699.78
7699.78
7699.78
7699.78
7699.78
7699.78
7699.78
7699.78
7699.78
7699.78
7699.78
7699.78
7660.08
7660.08
7660.08
7660.08
7660.08
7660.08
7656.47
7642.25
7642.25
7642.25
7642.25
7642.25
7642.25
7596.73
7596.73
7596.73
7596.73
7596.73
7579.67
7579.67
7579.67
7579.67
7579.67
7579.67
7579.67
7579.67
7579.67
7579.67
7558.08
7558.08
7558.08
7558.08
7558.08
7558.08
7558.08
7557.53
7557.53
7557.53
7557.53
7557.53
7557.53
7557.53
7557.53
7557.53
7557.53
7540.61
7540.61
7540.61
7540.61
7540.61
7490.45
7490.45
7490.45
7480.9
7480.9
7475.12
7475.12
7472.57
7472.57
7472.57
7472.57
7472.57
7472.57
7465.35
7465.35
7465.35
7465.35
7465.35
7465.35
7465.35
7465.35
7465.35
7465.35
7465.35
7465.35
7465.35
7465.35
7465.35
7465.35
7465.35
7465.35
7465.35
7465.35
7465.35
7465.35
7465.35
7465.35
7465.35
7465.35
7457.78
7457.78
7457.78
7457.78
7457.78
7457.78
7457.78
7457.78
7457.78
7457.78
7457.78
7428.25
7427.57
7427.57
7427.57
7427.57
7427.57
7427.57
7427.57
7407.24
7407.24
7407.24
7407.24
7407.24
7407.24
7407.24
7407.24
7407.24
7407.24
7398.69
7355.22
7342.61
7342.61
7342.61
7342.61
7342.61
7342.61
7342.61
7342.61
7342.61
7342.61
7342.61
7342.61
7342.61
7342.61
7337.61
7313.04
7313.04
7313.04
7313.04
7313.04
7313.04
7301.04
7301.04
7301.04
7301.04
7293.08
7278.33
7278.33
7278.33
7278.33
7278.33
7278.33
7264.88
7242.33
7242.33
7242.33
7242.33
7242.33
7242.33
7242.33
7242.33
7242.33
7242.33
7242.33
7227.76
7227.76
7227.76
7227.76
7227.76
7227.76
7227.76
7227.76
7227.76
7227.76
7227.76
7217.31
7217.31
7209.71
7209.71
7209.71
7209.71
7196.25
7196.25
7196.25
7196.25
7196.25
7196.25
7196.25
7196.25
7196.25
7196.25
7185.08
7185.08
7185.08
7185.08
7185.08
7155.04
7155.04
7155.04
7155.04
7155.04
7155.04
7148.43
7148.43
7148.43
7148.43
7148.43
7148.43
7148.43
7148.43
7148.43
7148.43
7148.43
7126.22
7126.22
7126.22
7126.22
7126.22
7126.22
7126.22
7126.22
7126.22
7126.22
7106.25
7105.55
7088.75
7088.75
7088.75
7087.12
7087.12
7066.78
7066.78
7007.27
7007.27
7007.27
7007.27
7007.27
7007.27
7007.27
7007.27
7007.27
7007.27
7007.27
7007.27
7007.27
7007.27
7007.27
7007.27
7007.27
7007.27
7007.27
7007.27
7007.27
7007.27
7007.27
7007.27
7007.27
7007.27
7007.27
7007.27
7007.27
7007.27
7007.27
7007.27
7007.27
7007.27
7007.27
7007.27
7007.27
7007.27
7007.27
7007.27
7007.27
7007.27
7007.27
7007.27
7007.27
7007.27
7007.27
6996.59
6968.18
6968.18
6968.18
6968.18
6968.18
6968.18
6968.18
6968.18
6968.18
6963.08
6963.08
6963.08
6963.08
6963.08
6963.08
6963.08
6963.08
6963.08
6963.08
6963.08
6963.08
6942.43
6942.43
6942.43
6942.43
6942.43
6940.37
6940.37
6940.37
6940.37
6940.37
6940.37
6940.37
6940.37
6940.37
6940.37
6940.37
6940.37
6940.37
6940.37
6940.37
6940.37
6940.37
6940.37
6940.37
6940.37
6940.37
6940.37
6940.37
6940.37
6940.37
6940.37
6940.37
6904.1
6904.1
6904.1
6904.1
6904.1
6904.1
6904.1
6904.1
6889.08
6889.08
6882.41
6882.41
6882.41
6882.41
6869.84
6869.84
6869.84
6867.35
6867.35
6867.35
6867.35
6867.35
6867.35
6867.35
6867.35
6867.35
6867.35
6867.35
6867.35
6865.35
6862.04
6841.59
6841.59
6841.59
6841.59
6841.59
6841.59
6841.59
6841.59
6841.59
6841.59
6841.59
6841.59
6837.18
6837.18
6837.18
6837.18
6837.18
6832.45
6832.45
6832.45
6832.45
6832.45
6832.45
6832.45
6832.45
6832.45
6815.55
6815.55
6815.55
6737.71
6737.71
6737.71
6737.71
6731.33
6731.33
6731.33
6731.33
6731.33
6731.33
6731.33
6731.33
6731.33
6731.33
6731.33
6731.33
6731.33
6726.59
6726.59
6726.59
6726.59
6726.59
6726.59
6722.49
6722.49
6722.49
6722.49
6722.49
6722.49
6722.49
6722.49
6722.49
6722.49
6722.49
6709.24
6685.86
6685.86
6685.86
6659.69
6659.69
6654.98
6621.25
6618.76
6618.76
6618.76
6618.76
6618.76
6618.76
6606.9
6606.9
6587.55
6587.55
6587.55
6587.55
6587.55
6572.08
6572.08
6572.08
6551.61
6551.61
6551.61
6551.61
6551.61
6551.61
6551.61
6551.61
6551.61
6551.61
6551.27
6551.27
6551.27
6551.27
6551.27
6551.27
6551.27
6551.27
6551.27
6551.27
6551.27
6546.59
6546.59
6546.59
6546.59
6546.59
6525.25
6525.25
6525.25
6525.25
6525.25
6525.25
6525.25
6525.25
6525.25
6525.25
6525.25
6525.25
6511.06
6511.06
6511.06
6511.06
6511.06
6511.06
6507.98
6507.98
6507.82
6507.82
6507.82
6507.82
6507.82
6507.82
6507.82
6507.82
6507.82
6507.82
6507.82
6507.82
6507.82
6507.82
6507.82
6505.65
6505.65
6505.65
6505.65
6489.76
6472.1
6472.1
6472.1
6472.1
6472.1
6472.1
6472.1
6472.1
6472.1
6472.1
6472.1
6472.1
6472.1
6472.1
6472.1
6456.08
6456.08
6456.08
6456.08
6456.08
6456.08
6456.08
6456.08
6456.08
6456.08
6456.08
6456.08
6456.08
6456.08
6456.08
6456.08
6456.08
6456.08
6456.08
6456.08
6456.08
6456.08
6456.08
6456.08
6456.08
6456.08
6456.08
6455.22
6455.22
6455.22
6455.22
6455.22
6455.22
6455.22
6455.22
6436
6436
6436
6436
6436
6436
6430.69
6430.69
6430.69
6430.69
6430.69
6430.69
6430.69
6430.69
6430.69
6430.69
6430.69
6430.69
6430.69
6430.69
6430.69
6430.69
6430.69
6393.35
6393.35
6393.35
6393.35
6393.35
6373.04
6339.78
6339.78
6339.78
6339.78
6339.78
6339.78
6339.78
6339.78
6339.78
6323.8
6292.55
6292.55
6273.9
6269.8
6269.8
6269.8
6269.8
6269.8
6269.8
6269.8
6269.8
6269.8
6269.8
6261.88
6261.88
6261.88
6261.88
6230.02
6230.02
6211.59
6211.59
6211.59
6193.39
6193.39
6193.39
6193.39
6193.39
6193.39
6193.39
6193.39
6193.39
6193.39
6193.39
6193.39
6193.39
6193.39
6193.39
6193.39
6193.39
6193.39
6193.39
6193.39
6193.39
6193.39
6193.39
6193.39
6193.39
6193.39
6193.39
6193.39
6193.39
6191.35
6191.35
6191.35
6191.35
6191.35
6191.35
6191.35
6191.35
6191.35
6191.35
6190.18
6190.18
6190.18
6181.84
6181.84
6170.1
6170.1
6170.1
6170.1
6170.1
6145.1
6145.1
6145.1
6145.1
6145.1
6145.1
6145.1
6145.1
6138.96
6138.96
6138.96
6138.96
6138.96
6138.96
6131.31
6095.2
6095.2
6091.98
6091.98
6091.98
6088.67
6088.67
6088.67
6088.67
6088.67
6088.67
6088.67
6088.67
6088.67
6088.67
6088.67
6088.67
6087.76
6087.76
6087.76
6087.76
6083.29
6083.29
6083.29
6063.94
6063.94
6063.94
6063.94
6063.94
6063.94
6063.94
6063.94
6063.94
6063.94
6063.94
6063.94
6063.94
6063.94
6063.94
6046.88
6046.88
6046.88
6046.88
6046.88
6024.43
6024.43
6024.43
6024.43
6024.43
6024.43
6024.43
6024.43
6024.43
6024.43
6024.43
6024.43
6024.43
6024.43
6024.43
6024.43
6024.43
6024.43
6024.43
6024.43
6024.43
6011.02
6011.02
6011.02
6011.02
6011.02
6011.02
6011.02
6005.33
6005.33
6005.33
6005.33
6005.33
6005.33
6005.33
6005.33
6005.33
6005.33
6005.33
6005.33
6005.33
6005.33
6005.33
6005.33
6005.33
6005.33
6005.33
6005.33
6005.33
6005.33
6005.33
6005.33
6005.33
6005.33
6005.33
6005.33
6005.33
6005.33
6005.33
6005.33
6005.33
6005.2
6005.2
6005.2
6005.2
6003.27
6003.27
6003.27
5976.29
5976.29
5976.29
5976.29
5976.29
5976.29
5973.55
5973.55
5973.55
5973.55
5973.55
5973.55
5973.55
5973.55
5973.55
5973.55
5973.55
5973.55
5973.55
5950.22
5950.22
5940.55
5919.02
5919.02
5919.02
5919.02
5919.02
5919.02
5919.02
5919.02
5919.02
5913.49
5913.49
5913.49
5913.49
5913.49
5913.49
5913.49
5913.49
5913.49
5913.49
5913.49
5913.49
5913.49
5913.49
5913.49
5890.25
5890.25
5882.18
5882.18
5882.18
5882.18
5882.18
5880.04
5880.04
5880.04
5880.04
5880.04
5880.04
5880.04
5880.04
5880.04
5880.04
5879.25
5879.25
5879.25
5879.25
5879.25
5879.25
5879.25
5879.25
5879.25
5879.25
5876.45
5876.45
5876.45
5876.45
5876.45
5861.65
5861.65
5856.92
5850.63
5850.63
5841.82
5841.82
5841.82
5841.82
5835.47
5835.47
5835.47
5835.47
5835.47
5834.2
5834.2
5830.29
5830.29
5830.29
5830.29
5830.29
5830.29
5830.29
5830.29
5830.29
5830.29
5826.45
5826.45
5826.45
5814.84
5814.84
5814.84
5814.84
5811.73
5811.73
5811.73
5811.73
5798.65
5798.65
5782.2
5782.2
5782.2
5782.2
5782.2
5782.2
5782.2
5767.67
5767.67
5767.67
5767.67
5760.76
5760.33
5741.78
5741.78
5741.78
5716.86
5716.86
5716.86
5711.43
5711.43
5711.43
5711.43
5711.43
5711.43
5711.43
5711.43
5711.43
5711.43
5711.43
5711.43
5711.43
5711.43
5700.49
5700.49
5700.49
5700.49
5700.49
5700.49
5700.49
5689.22
5689.22
5689.22
5689.22
5689.22
5689.22
5689.22
5689.22
5689.22
5689.22
5680.69
5680.69
5680.69
5671.82
5669.06
5654.57
5654.57
5654.57
5654.57
5654.57
5654.57
5648.94
5636.12
5636.12
5636.12
5636.12
5636.12
5636.12
5634.53
5634.53
5634.53
5624.25
5624.25
5624.25
5624.25
5624.25
5624.25
5624.25
5624.25
5624.25
5624.25
5624.25
5624.25
5624.25
5624.25
5624.25
5624.25
5624.25
5624.25
5624.25
5624.25
5624.25
5624.25
5624.25
5624.25
5624.25
5624.25
5608.84
5608.84
5608.84
5608.84
5608.84
5608.84
5608.84
5594.24
5567.63
5567.63
5567.63
5567.63
5567.63
5567.63
5567.63
5567.63
5567.63
5567.63
5567.63
5531.65
5531.65
5531.65
5531.65
5528.94
5528.94
5528.94
5528.94
5528.94
5528.94
5516.25
5516.25
5502.1
5482.71
5482.71
5482.71
5482.71
5482.71
5482.71
5482.71
5482.71
5482.71
5434.98
5434.98
5434.98
5434.98
5434.98
5434.98
5434.98
5434.98
5434.98
5434.98
5434.98
5434.98
5434.98
5434.98
5416.06
5416.06
5416.06
5416.06
5416.06
5416.06
5416.06
5416.06
5416.06
5382.43
5382.43
5382.43
5382.43
5382.43
5382.43
5382.43
5382.43
5382.43
5382.43
5382.43
5382.43
5382.43
5382.43
5382.43
5382.43
5382.43
5382.43
5382.43
5382.43
5382.43
5382.43
5382.43
5382.43
5382.43
5382.43
5382.43
5382.43
5382.43
5382.43
5382.43
5382.43
5376.29
5376.29
5376.29
5376.29
5370.86
5370.86
5370.86
5317.76
5317.76
5317.76
5290.57
5290.57
5280.98
5280.98
5280.98
5280.98
5280.98
5280.98
5280.98
5275.45
5275.45
5275.45
5275.45
5260.47
5260.47
5260.47
5260.47
5260.47
5260.47
5260.47
5260.47
5260.47
5260.47
5260.47
5260.47
5260.47
5260.47
5260.47
5260.47
5260.47
5260.47
5260.47
5260.47
5257.96
5257.96
5257.96
5257.96
5257.96
5257.96
5257.96
5257.96
5257.96
5257.96
5257.96
5257.96
5257.96
5257.96
5256.16
5256.16
5256.16
5256.16
5256.16
5256.16
5256.16
5256.16
5256.16
5256.16
5256.16
5256.16
5256.16
5256.16
5256.16
5256.16
5256.16
5256.16
5256.16
5256.16
5256.16
5256.16
5255.16
5255.16
5255.16
5255.16
5255.16
5255.16
5255.16
5255.16
5255.16
5255.16
5255.16
5255.16
5255.16
5255.16
5254.61
5254.61
5254.61
5254.61
5254.61
5254.61
5254.61
5254.61
5248.57
5248.57
5248.57
5248.57
5248.57
5248.57
5248.57
5248.57
5248.57
5248.57
5248.57
5248.57
5248.57
5234.71
5234.71
5234.71
5234.71
5234.71
5234.71
5234.71
5234.71
5234.71
5234.71
5234.71
5234.71
5232
5196.18
5196.18
5193.41
5193.41
5193.41
5193.41
5193.41
5193.41
5178.63
5178.63
5178.63
5178.63
5178.63
5174.84
5174.84
5174.84
5174.84
5174.84
5174.84
5174.84
5158.12
5158.12
5158.12
5158.12
5158.12
5158.12
5158.12
5158.12
5155.67
5155.67
5155.67
5155.67
5155.67
5155.67
5155.67
5155.67
5155.67
5155.67
5155.67
5155.67
5155.67
5155.67
5146
5146
5146
5146
5141.06
5141.06
5141.06
5141.06
5141.06
5141.06
5141.06
5141.06
5141.06
5141.06
5141.06
5129.65
5129.65
5129.65
5129.65
5129.65
5129.65
5129.65
5126.86
5124.12
5124.12
5124.12
5124.12
5124.12
5124.12
5124.12
5124.12
5124.12
5124.12
5124.12
5115.33
5115.33
5115.33
5115.33
5086.69
5086.69
5086.69
5086.69
5086.69
5086.69
5086.69
5086.69
5086.69
5086.69
5086.69
5086.69
5079.06
5079.06
5079.06
5079.06
5079.06
5079.06
5079.06
5079.06
5074.2
5074.2
5062.57
5062.57
5062.57
5062.57
5062.57
5062.57
5062.57
5062.57
5062.57
5062.57
5062.57
5062.57
5062.57
5062.57
5062.57
5055.65
5055.65
5055.65
5055.65
5055.65
5055.65
5055.65
5053.96
5053.96
5053.96
5039.33
5039.33
5039.33
5039.33
5039.33
5036.9
5036.9
5036.9
5036.9
5036.9
5036.9
5036.9
5036.9
5036.9
5036.9
5033.69
5033.69
5033.69
5033.69
5025.12
5025.12
5025.12
5025.12
5008.27
5003.92
5003.92
5003.92
4995.43
4995.43
4995.43
4995.43
4995.43
4995.43
4995.43
4995.43
4995.43
4995.43
4995.43
4995.43
4995.43
4995.43
4991.14
4991.14
4991.14
4991.14
4991.14
4991.14
4989.12
4989.12
4989.12
4989.12
4989.12
4989.12
4985.2
4985.2
4973.82
4973.82
4973.82
4954.24
4954.24
4954.24
4954.24
4954.24
4954.24
4954.24
4954.24
4954.24
4954.24
4954.24
4954.24
4954.24
4954.24
4954.24
4954.24
4954.24
4954.24
4954.24
4954.24
4954.24
4949.49
4949.49
4949.49
4949.49
4949.49
4949.49
4949.49
4949.49
4949.49
4949.49
4947.41
4947.41
4947.41
4947.41
4947.41
4947.41
4947.41
4947.41
4947.41
4947.41
4947.41
4947.41
4947.41
4945.27
4945.27
4942.61
4942.61
4942.61
4942.61
4942.61
4942.61
4942.61
4942.61
4942.61
4942.61
4942.61
4936.47
4936.47
4936.47
4936.47
4936.47
4936.47
4936.47
4936.47
4936.47
4931.65
4931.65
4931.65
4931.65
4931.65
4931.65
4912.27
4912.27
4912.27
4912.27
4912.27
4904.43
4904.43
4904.43
4904.43
4904.43
4904.43
4904.43
4904.43
4904.43
4904.43
4904.43
4904.43
4904.43
4904.43
4904.43
4904.43
4904.43
4904.43
4868.65
4861.67
4861.67
4861.67
4861.67
4861.67
4859.55
4859.55
4859.55
4846.37
4846.37
4846.37
4846.37
4846.37
4846.37
4844.37
4820.76
4820.76
4820.76
4812.06
4811.25
4811.25
4811.25
4811.25
4811.25
4811.25
4811.25
4811.25
4811.25
4811.25
4777.59
4777.59
4777.59
4777.59
4777.59
4777.59
4777.59
4777.59
4777.59
4777.59
4777.59
4777.59
4777.59
4777.59
4769.49
4769.49
4769.49
4769.49
4769.49
4769.49
4769.49
4769.49
4769.49
4769.49
4769.49
4769.49
4769.49
4769.49
4769.49
4761.14
4761.14
4761.14
4761.14
4761.14
4761.14
4761.14
4761.14
4760.27
4760.27
4760.27
4760.27
4760.27
4760.27
4739.16
4739.16
4739.16
4724.88
4724.88
4724.88
4724.88
4724.08
4724.08
4724.08
4724.08
4724.08
4724.08
4724.08
4724.08
4684.86
4684.86
4684.86
4684.86
4684.86
4684.86
4667.02
4667.02
4653.16
4653.16
4653.16
4653.16
4653.16
4640.29
4629.84
4625.47
4625.47
4625.47
4625.47
4625.47
4625.47
4625.47
4625.47
4625.47
4625.47
4604.37
4604.37
4604.37
4604.37
4604.37
4604.37
4597.75
4597.75
4597.75
4597.75
4597.75
4597.75
4597.75
4597.75
4597.75
4597.75
4597.75
4597.75
4597.75
4597.75
4597.75
4597.75
4597.75
4597.75
4594.18
4594.18
4594.18
4594.18
4594.18
4594.18
4594.18
4594.18
4594.18
4594.18
4594.18
4594.18
4594.18
4585
4575.06
4575.06
4575.06
4575.06
4575.06
4575.06
4575.06
4575.06
4575.06
4572.31
4572.12
4572.12
4572.12
4572.12
4572.12
4572.12
4572.12
4572.12
4572.12
4572.12
4572.12
4572.12
4572.12
4572.12
4572.12
4572.12
4556.69
4556.69
4556.69
4556.69
4549.04
4549.04
4549.04
4549.04
4514.88
4514.88
4514.88
4506.61
4506.61
4506.61
4506.61
4506.61
4498.8
4498.8
4498.8
4498.8
4498.8
4484.69
4439.82
4439.82
4439.82
4415.75
4415.75
4404.76
4404.76
4404.76
4404.76
4404.76
4396.94
4396.94
4396.94
4396.94
4396.94
4396.94
4396.94
4396.94
4396.94
4396.94
4396.94
4396.94
4396.94
4396.94
4396.94
4396.94
4396.94
4396.94
4396.94
4396.94
4396.94
4396.94
4396.94
4396.94
4396.94
4396.94
4360.33
4360.33
4360.33
4360.33
4349.59
4349.59
4349.59
4349.59
4349.59
4349.59
4337.82
4337.82
4337.82
4337.82
4337.82
4337.82
4337.82
4337.82
4337.82
4337.82
4337.82
4337.82
4297.92
4297.02
4297.02
4297.02
4297.02
4297.02
4297.02
4297.02
4297.02
4297.02
4297.02
4297.02
4297.02
4297.02
4297.02
4297.02
4297.02
4294.39
4294.39
4279.16
4279.16
4277.78
4277.78
4277.78
4277.78
4277.78
4277.78
4273.33
4273.33
4273.33
4273.33
4273.33
4273.33
4273.33
4273.33
4273.33
4273.33
4273.33
4273.33
4273.33
4273.33
4269.27
4269.27
4269.27
4264.94
4264.94
4264.94
4264.94
4264.94
4264.94
4264.94
4251.94
4251.94
4247.98
4247.98
4247.98
4247.98
4247.98
4247.98
4247.98
4247.98
4233.75
4231.06
4231.06
4231.06
4231.06
4231.06
4231.06
4231.06
4231.06
4231.06
4231.06
4231.06
4223.75
4223.75
4223.75
4223.75
4223.75
4223.75
4223.75
4223.75
4223.75
4223.75
4223.75
4223.75
4223.75
4223.75
4223.75
4223.75
4223.75
4212.37
4212.37
4208.12
4208.12
4208.12
4208.12
4208.12
4208.12
4208.12
4206.45
4206.45
4201.51
4201.51
4191.24
4191.24
4191.24
4191.24
4191.24
4191.24
4191.24
4176.12
4176.12
4176.12
4176.12
4176.12
4176.12
4176.12
4173.47
4173.47
4173.47
4173.47
4173.47
4173.47
4173.47
4173.47
4173.47
4173.47
4173.47
4173.47
4173.47
4173.47
4173.47
4170.86
4170.86
4170.86
4170.86
4170.86
4170.86
4170.86
4170.86
4170.86
4170.86
4170.86
4170.86
4170.86
4170.86
4170.86
4157.82
4157.82
4157.82
4157.82
4157.82
4157.82
4157.82
4157.82
4157.82
4157.82
4157.82
4157.82
4156.71
4156.71
4156.71
4156.71
4156.71
4156.71
4156.71
4156.71
4156.71
4156.71
4156.71
4156.71
4156.71
4128.88
4126.12
4126.12
4126.12
4126.12
4116.71
4116.71
4106.02
4106.02
4093.43
4093.43
4084.02
4084.02
4084.02
4084.02
4084.02
4084.02
4084.02
4084.02
4072.71
4072.71
4072.71
4072.71
4072.71
4072.71
4072.71
4072.71
4072.71
4072.71
4072.71
4067.16
4067.16
4067.16
4067.16
4067.16
4067.16
4067.16
4067.16
4067.16
4067.16
4067.16
4056.04
4056.04
4056.04
4056.04
4055.53
4049.43
4049.43
4049.43
4049.43
4049.43
4042.88
4042.88
4042.88
4042.88
4028.53
4028.53
4028.53
4028.53
4028.53
4028.53
4028.53
4021.08
4021.08
3998.41
3998.41
3998.41
3998.41
3998.41
3998.41
3979.57
3979.57
3979.57
3979.57
3973.31
3973.31
3973.31
3973.31
3973.31
3973.31
3973.31
3973.31
3973.31
3973.31
3973.31
3973.31
3973.31
3973.31
3973.31
3973.31
3973.31
3973.31
3958.47
3958.47
3958.47
3929.08
3929.08
3929.08
3929.08
3929.08
3916.59
3913.69
3913.69
3913.69
3913.69
3913.69
3913.55
3913.55
3913.55
3913.55
3913.55
3913.55
3913.55
3913.55
3913.55
3913.55
3913.55
3913.55
3913.55
3913.55
3913.55
3913.55
3913.55
3913.55
3913.55
3913.55
3913.55
3913.55
3913.55
3913.55
3913.55
3913.55
3913.55
3913.55
3913.55
3913.55
3913.55
3913.55
3913.55
3909.53
3909.53
3901.35
3901.35
3901.35
3901.35
3901.35
3901.35
3892.47
3892.47
3892.47
3892.47
3892.47
3880.65
3880.65
3880.65
3877.84
3877.84
3872.55
3872.55
3872.55
3872.55
3872.55
3872.55
3872.55
3872.55
3872.55
3872.55
3872.55
3872.55
3872.55
3872.55
3872.55
3872.55
3872.55
3872.55
3872.55
3872.55
3872.55
3872.55
3872.55
3872.55
3872.55
3872.55
3872.55
3872.55
3861.06
3861.06
3861.06
3861.06
3861.06
3861.06
3861.06
3861.06
3861.06
3861.06
3861.06
3861.06
3861.06
3861.06
3861.06
3858.63
3858.63
3858.63
3858.63
3858.63
3858.63
3858.63
3858.63
3858.63
3858.63
3858.63
3858.63
3858.63
3858.63
3858.63
3858.63
3858.63
3858.63
3858.63
3858.63
3858.63
3858.63
3858.63
3858.63
3858.63
3858.63
3858.63
3849.04
3849.04
3849.04
3843.65
3843.65
3843.65
3843.65
3826.02
3826.02
3826.02
3826.02
3826.02
3826.02
3826.02
3826.02
3826.02
3826.02
3826.02
3826.02
3826.02
3826.02
3826.02
3826.02
3826.02
3826.02
3826.02
3826.02
3826.02
3826.02
3826.02
3826.02
3826.02
3826.02
3826.02
3826.02
3826.02
3822.61
3822.61
3822.61
3815.75
3815.75
3815.75
3815.75
3815.75
3811.92
3811.92
3811.92
3811.92
3811.92
3811.92
3811.92
3811.92
3811.92
3811.92
3811.92
3811.92
3807.37
3807.37
3807.37
3803.02
3786.67
3786.67
3786.67
3783.71
3782.73
3776.8
3776.8
3776.8
3776.8
3776.8
3776.8
3776.8
3776.8
3776.8
3776.8
3776.22
3776.22
3776.22
3776.22
3776.22
3776.22
3776.22
3776.22
3776.22
3776.22
3776.22
3776.22
3776.22
3776.22
3776.22
3776.22
3776.22
3776.22
3776.22
3776.22
3776.22
3776.22
3776.22
3776.22
3776.22
3776.22
3776.22
3776.22
3776.22
3776.22
3776.22
3769.1
3769.1
3769.1
3769.1
3769.1
3769.1
3765.29
3765.29
3761.78
3761.78
3761.78
3761.78
3761.78
3761.78
3761.78
3761.78
3761.78
3761.78
3748.57
3748.57
3748.57
3748.57
3748.57
3748.57
3742.27
3742.27
3742.27
3742.27
3742.27
3742.27
3742.27
3742.27
3742.27
3742.27
3742.27
3742.27
3742.27
3739.47
3736.02
3736.02
3736.02
3736.02
3725.96
3725.96
3725.96
3725.96
3725.96
3725.96
3725.96
3725.96
3725.96
3725.96
3712.9
3712.9
3712.9
3712.9
3707.47
3698.76
3698.76
3698.76
3698.76
3698.76
3698.76
3698.76
3698.76
3698.76
3698.76
3698.76
3684.37
3656.22
3656.22
3656.22
3656.22
3656.22
3656.22
3656.22
3656.22
3656.22
3656.22
3656.22
3656.22
3656.22
3656.22
3656.22
3656.22
3639.53
3639.53
3639.53
3639.53
3639.53
3639.53
3622.27
3622.27
3622.27
3611.53
3611.53
3611.53
3611.53
3611.53
3611.53
3611.53
3611.53
3611.53
3611.53
3611.53
3611.53
3611.53
3611.53
3611.53
3611.53
3611.53
3611.53
3611.53
3611.53
3611.53
3611.53
3611.53
3611.53
3611.53
3611.53
3611.53
3611.53
3611.53
3611.53
3608.04
3599.43
3599.43
3599.43
3599.43
3599.43
3592
3592
3592
3592
3592
3592
3592
3592
3592
3592
3592
3592
3592
3590.69
3590.69
3590.69
3590.69
3568.14
3568.14
3568.14
3568.14
3568.14
3568.14
3561.82
3561.82
3561.82
3561.82
3561.82
3561.82
3561.82
3561.82
3561.82
3561.82
3561.82
3561.82
3561.82
3561.82
3561.82
3548.82
3548.82
3548.82
3548.82
3548.82
3548.82
3542.33
3542.33
3542.33
3542.33
3542.33
3542.33
3537.35
3537.35
3537.35
3537.35
3537.35
3537.35
3537.35
3537.35
3537.35
3537.35
3537.35
3537.35
3537.35
3537.35
3532.47
3532.47
3532.47
3532.47
3532.47
3532.47
3532.47
3532.47
3532.47
3532.47
3532.47
3532.47
3519.12
3519.12
3512.25
3512.25
3512.18
3512.18
3512.18
3512.18
3512.18
3512.18
3512.18
3505.92
3505.92
3505.92
3505.92
3505.92
3502.02
3502.02
3502.02
3502.02
3502.02
3502.02
3502.02
3502.02
3502.02
3499.9
3499.9
3499.9
3499.9
3499.9
3499.9
3496.12
3496.12
3496.12
3496.12
3496.12
3496.12
3475.24
3475.24
3475.24
3475.24
3475.24
3475.24
3475.24
3475.24
3475.24
3475.24
3475.24
3475.24
3475.24
3475.24
3475.24
3475.24
3475.24
3475.24
3475.24
3475.24
3475.24
3468.31
3468.31
3454.22
3454.22
3452.47
3452.47
3452.47
3444.18
3444.18
3444.18
3444.18
3444.18
3444.18
3442.04
3439.96
3439.96
3439.96
3439.96
3439.96
3439.96
3439.96
3434.2
3433.65
3433
3433
3433
3433
3433
3433
3418.94
3418.94
3418.94
3414.65
3414.65
3414.65
3414.65
3414.65
3414.65
3414.65
3414.65
3414.65
3413.76
3413.76
3413.76
3394.53
3394.53
3394.53
3394.53
3378.63
3378.63
3378.63
3371.57
3371.57
3371.57
3371.57
3371.57
3371.57
3371.57
3371.57
3371.57
3370.02
3370.02
3370.02
3370.02
3370.02
3370.02
3370.02
3370.02
3370.02
3370.02
3370.02
3370.02
3364.98
3364.98
3364.98
3362.9
3362.9
3362.9
3362.9
3362.9
3362.9
3362.9
3362.9
3362.9
3362.9
3362.9
3362.9
3362.9
3362.9
3362.9
3362.9
3362.9
3362.9
3362.9
3357.18
3357.18
3357.18
3357.18
3357.18
3357.18
3357.18
3357.18
3355.57
3355.57
3350.59
3350.59
3350.59
3350.41
3350.41
3350.41
3343.18
3343.18
3343.18
3342.9
3337.63
3337.63
3337.63
3337.63
3337.63
3337.63
3337.63
3337.63
3337.63
3317.53
3301.37
3301.37
3301.37
3301.37
3301.37
3301.37
3301.37
3301.37
3301.37
3301.37
3301.37
3301.37
3299.59
3299.59
3295.06
3295.06
3295.06
3295.06
3295.06
3295.06
3295.06
3295.06
3295.06
3295.06
3295.06
3295.06
3295.06
3286.47
3286.47
3286.47
3286.47
3286.47
3286.47
3286.47
3286.47
3286.47
3270.84
3270.84
3270.84
3270.84
3270.84
3270.84
3270.84
3270.84
3270.84
3270.84
3270.84
3270.84
3270.84
3270.84
3270.84
3270.84
3265.49
3265.49
3265.49
3265.49
3235.14
3235.14
3235.14
3235.14
3235.14
3235.14
3235.14
3235.14
3235.14
3235.14
3235.14
3235.14
3235.14
3233
3233
3233
3233
3233
3233
3233
3233
3233
3220.24
3220.24
3220.24
3220.24
3220.24
3220.24
3198.65
3198.65
3198.65
3198.65
3197.75
3197.75
3197.75
3191.51
3191.51
3191.51
3191.51
3191.51
3191.51
3191.51
3191.51
3191.51
3191.51
3191.51
3186.45
3164.55
3164.55
3164.55
3164.55
3164.55
3164.55
3164.55
3164.55
3164.55
3164.55
3150.45
3150.45
3150.45
3150.45
3150.45
3150.45
3150.24
3150.24
3149.16
3149.16
3149.16
3149.16
3149.16
3149.16
3149.16
3149.16
3149.16
3149.16
3149.16
3149.16
3144.37
3144.37
3144.37
3144.37
3144.37
3144.37
3144.37
3144.37
3144.37
3144.37
3144.37
3144.37
3141.39
3141.39
3141.39
3141.39
3141.39
3141.39
3141.39
3141.39
3141.39
3141.39
3140.67
3128.69
3128.69
3128.69
3108.08
3108.08
3108.08
3108.08
3108.08
3100.31
3100.31
3100.31
3097.24
3097.24
3097.24
3096.75
3096.75
3096.75
3095.29
3095.29
3084.12
3084.12
3084.12
3084.12
3084.12
3084.12
3084.12
3084.12
3084.12
3084.12
3084.12
3071.25
3071.25
3071.25
3071.25
3071.25
3071.25
3071.25
3071.25
3071.25
3071.25
3071.25
3064.96
3064.96
3064.96
3060.82
3059.63
3059.63
3059.63
3059.63
3059.63
3059.63
3059.63
3059.63
3059.63
3056.94
3056.94
3056.94
3056.94
3056.94
3056.94
3056.94
3056.94
3056.94
3056.94
3056.94
3056.94
3045.63
3045.63
3037.67
3037.67
3037.67
3037.67
3037.67
3037.67
3034.27
3034.27
3034.27
3034.27
3034.27
3034.27
3034.27
3034.27
3034.27
3029.27
3029.27
3029.27
3029.27
3029.27
3029.27
3029.27
3029.27
3029.27
3029.27
3029.27
3029.27
3026.69
3026.69
3026.69
3026.69
3026.14
3026.14
3026.14
3026.14
3026.14
3026.14
3021.04
3021.04
3019.41
3019.41
3019.41
3019.41
3019.41
3019.41
3019.41
3019.41
3019.41
3019.41
3019.41
3019.41
3019.41
3019.41
3019.41
3019.41
3008.1
2986.22
2986.22
2980.94
2980.94
2980.94
2980.94
2972.86
2972.86
2972.86
2955.84
2955.84
2955.84
2955.84
2955.84
2955.84
2955.84
2935.41
2935.41
2931.82
2931.82
2931.82
2931.82
2931.82
2931.82
2931.82
2931.82
2931.82
2931.82
2930.76
2930.76
2930.76
2930.76
2930.76
2930.76
2930.76
2930.76
2930.76
2930.76
2930.76
2930.76
2930.76
2930.76
2930.76
2930.76
2930.76
2930.76
2930.76
2930.76
2930.76
2930.76
2930.76
2930.76
2930.76
2930.76
2930.76
2930.76
2930.76
2930.76
2927.18
2927.18
2927.18
2912.63
2906.88
2906.88
2906.88
2906.88
2906.88
2906.88
2906.88
2906.88
2906.88
2906.88
2906.88
2906.88
2906.88
2906.88
2906.88
2906.88
2901.65
2901.65
2901.65
2888.88
2888.88
2888.88
2888.88
2888.88
2888.88
2888.88
2888.88
2888.88
2888.88
2888.88
2888.88
2888.88
2888.88
2888.88
2888.88
2888.88
2888.88
2888.88
2888.88
2888.88
2888.88
2888.88
2888.88
2888.88
2888.88
2888.88
2888.88
2888.88
2888.88
2888.88
2888.88
2888.88
2888.88
2888.88
2888.88
2866.57
2866.57
2866.57
2866.57
2866.57
2861.82
2861.82
2861.82
2861.82
2861.82
2861.82
2861.82
2861.82
2861.82
2861.82
2861.82
2861.82
2861.82
2861.82
2857.73
2857.73
2857.73
2857.73
2857.73
2857.73
2857.73
2857.73
2854.14
2854.14
2850.37
2850.37
2848.1
2848.1
2848.1
2848.1
2848.1
2847.63
2847.63
2847.63
2847.63
2847.63
2847.63
2847.63
2847.63
2845.33
2845.33
2845.33
2842.98
2842.98
2839.84
2839.84
2839.63
2839.63
2839.63
2839.63
2839.63
2839.63
2839.63
2839.63
2839.63
2839.63
2839.63
2839.63
2839.63
2834.16
2834.16
2834.16
2834.16
2834.16
2834.16
2834.16
2834.16
2834.16
2816.55
2816.55
2816.55
2816.55
2816.55
2816.55
2816.55
2816.55
2816.55
2804.76
2804.76
2804.76
2804.76
2804.76
2804.76
2804.76
2804.76
2804.76
2804.76
2804.76
2804.76
2804.25
2804.25
2804.25
2804.25
2804.25
2804.25
2804.25
2790.49
2790.49
2790.49
2790.49
2790.49
2790.49
2790.49
2790.49
2790.49
2790.49
2790.49
2790.49
2790.49
2790.49
2790.49
2790.49
2790.49
2790.49
2790.49
2790.49
2790.49
2790.49
2790.49
2790.49
2790.49
2790.49
2790.49
2790.49
2790.49
2790.49
2789.12
2789.12
2789.12
2789.12
2789.12
2789.12
2789.12
2789.12
2789.12
2789.12
2789.12
2789.12
2789.12
2787.43
2787.43
2787.43
2787.43
2787.43
2787.43
2787.43
2784.53
2784.53
2784.53
2784.53
2784.53
2784.53
2784.53
2784.53
2784.53
2784.53
2784.53
2782.63
2782.63
2782.63
2782.63
2782.63
2779.2
2779.2
2779.2
2779.2
2776.86
2776.86
2758.14
2758.14
2758.14
2758.14
2758.14
2758.14
2758.14
2758.14
2751.29
2741.63
2741.63
2741.63
2741.63
2741.63
2741.63
2741.63
2741.63
2737.47
2737.47
2737.47
2737.47
2737.47
2737.47
2737.47
2737.47
2737.47
2737.47
2737.47
2737.47
2737.47
2735.55
2735.55
2735.55
2735.55
2735.55
2735.55
2735.55
2735.55
2735.55
2735.55
2735.55
2735.55
2735.55
2735.55
2735.55
2735.55
2730.24
2730.24
2730.24
2730.24
2730.24
2730.24
2720.47
2720.47
2720.47
2720.47
2720.47
2720.47
2720.47
2720.47
2720.47
2720.47
2720.47
2720.47
2720.47
2720.47
2720.47
2720.47
2720.47
2720.47
2720.47
2720.47
2720.47
2720.47
2720.47
2720.47
2715.82
2715.82
2715.82
2707.65
2707.65
2707.65
2707.65
2707.65
2707.65
2707.65
2707.65
2698.71
2698.71
2698.71
2698.71
2698.71
2698.71
2698.71
2698.71
2698.71
2698.71
2698.71
2698.71
2698.71
2698.71
2697.57
2697.57
2697.57
2697.57
2697.57
2697.57
2697.57
2697.57
2697.57
2697.57
2697.57
2697.57
2697.57
2697.57
2686.65
2686.65
2686.65
2686.65
2686.65
2686.65
2686.65
2686.65
2686.65
2686.65
2686.65
2686.65
2686.65
2686.65
2686.65
2686.65
2686.65
2686.65
2686.65
2686.65
2686.65
2686.65
2686.65
2686.65
2686.65
2686.65
2686.65
2686.65
2686.65
2686.65
2686.39
2686.39
2686.39
2683.94
2683.94
2683.94
2683.94
2683.94
2683.94
2676.37
2676.37
2676.37
2676.37
2676.37
2676.37
2676.37
2676.37
2674.76
2674.76
2674.76
2674.76
2674.76
2674.76
2674.76
2674.76
2674.76
2672.29
2672.29
2672.29
2672.29
2672.29
2672.29
2672.29
2672.29
2672.29
2672.29
2672.29
2672.29
2672.29
2672.29
2672.29
2667.75
2666.57
2666.57
2666.57
2666.57
2666.57
2666.57
2666.57
2666.57
2666.57
2666.57
2666.57
2666.57
2666.57
2666.57
2666.57
2666.57
2666.57
2655.73
2655.73
2655.73
2655.73
2655.73
2655.73
2655.73
2655.73
2655.73
2655.73
2655.73
2655.73
2655.73
2655.73
2655.73
2655.73
2649.33
2649.33
2649.33
2649.33
2630.49
2628
2628
2628
2628
2628
2628
2628
2628
2628
2628
2628
2628
2628
2628
2627.51
2627.51
2626.82
2624.08
2624.08
2624.08
2624.08
2624.08
2624.08
2619.02
2619.02
2619.02
2619.02
2619.02
2619.02
2619.02
2619.02
2619.02
2619.02
2619.02
2619.02
2619.02
2619.02
2619.02
2619.02
2619.02
2606.84
2606.84
2605.82
2605.82
2605.82
2605.82
2605.82
2605.82
2605.82
2605.82
2605.82
2605.82
2605.43
2604.71
2602.16
2602.16
2602.16
2602.16
2588.08
2588.08
2588.08
2588.08
2588.08
2588.08
2588.08
2588.08
2588.08
2588.08
2588.08
2588.08
2588.08
2587.84
2587.84
2587.84
2582.84
2582.84
2582.84
2582.84
2582.84
2582.84
2582.84
2582.84
2582.84
2582.57
2582.57
2582.57
2582.57
2582.57
2582.57
2582.57
2582.57
2582.57
2582.57
2582.57
2582.57
2582.57
2582.57
2582.57
2582.57
2582.57
2582.57
2582.57
2582.57
2582.57
2582.57
2582.57
2582.57
2582.57
2571.12
2571.12
2571.12
2569.86
2569.86
2555.57
2555.57
2555.57
2555.57
2555.57
2555.57
2555.57
2551.27
2551.27
2551.27
2551.27
2551.27
2551.27
2551.27
2551.27
2551.27
2551.27
2541.73
2541.57
2541.57
2541.57
2541.57
2541.57
2541.57
2541.57
2541.57
2541.57
2541.57
2541.57
2541.25
2541.25
2541.25
2541.25
2529.18
2529.18
2529.18
2529.18
2529.18
2529.18
2521.35
2521.35
2521.35
2521.35
2521.35
2521.35
2521.35
2514.37
2514.37
2514.37
2514.37
2514.37
2514.37
2514.37
2514.37
2514.37
2514.37
2514.37
2514.37
2514.37
2514.37
2514.37
2514.37
2508.06
2508.06
2508.06
2508.06
2508.06
2508.06
2508.06
2508.06
2508.06
2508.06
2508.06
2508.06
2508.06
2508.06
2505.57
2505.57
2505.57
2505.57
2505.57
2505.57
2505.57
2505.57
2505.57
2495.47
2495.47
2495.47
2495.47
2495.47
2492.86
2492.86
2470.41
2470.41
2470.41
2467.67
2467.67
2467.67
2467.67
2467.67
2466.82
2466.82
2466.82
2466.82
2466.82
2461.16
2461.16
2461.16
2461.16
2461.16
2461.16
2461.16
2461.16
2454.61
2454.61
2450.12
2450.12
2450.12
2450.12
2450.12
2450.12
2445.88
2445.88
2444.31
2444.31
2444.31
2444.31
2444.31
2444.31
2444.31
2439.86
2439.86
2439.86
2437.27
2437.27
2437.27
2437.27
2437.27
2437.27
2424.02
2424.02
2417
2417
2417
2417
2417
2417
2417
2417
2417
2417
2417
2417
2417
2399.55
2399.55
2399.55
2399.55
2399.55
2399.55
2399.55
2399.55
2399.55
2399.55
2399.55
2399.55
2399.55
2391.47
2391.47
2391.47
2391.47
2391.47
2380.76
2380.43
2380.43
2380.43
2380.43
2380.43
2380.43
2380.43
2380.43
2380.43
2380.43
2380.43
2380.43
2380.43
2380.43
2380.43
2380.43
2380.43
2380.43
2380.43
2380.43
2380.43
2380.43
2380.43
2380.43
2380.43
2378.04
2378.04
2378.04
2378.04
2378.04
2378.04
2378.04
2378.04
2378.04
2378.04
2378.04
2378.04
2378.04
2378.04
2378.04
2378.04
2378.04
2377.24
2377.24
2376.76
2376.76
2376.76
2376.76
2376.76
2376.76
2376.76
2376.76
2376.76
2371.18
2371.18
2371.18
2359.49
2359.49
2359.49
2359.49
2359.49
2356.16
2356.16
2356.16
2356.16
2356.16
2354.67
2354.67
2338.59
2338.59
2338.59
2338.59
2338.59
2338.59
2338.59
2338.59
2338.59
2332.59
2327.25
2327.25
2327.25
2327.25
2327.25
2327.25
2327.25
2327.25
2327.25
2327.25
2327.25
2327.25
2327.25
2327.25
2327.25
2327.25
2327.25
2327.25
2327.25
2327.25
2327.25
2327.25
2327.25
2327.25
2327.25
2327.25
2327.25
2325.75
2325.75
2325.75
2325.75
2325.75
2325.75
2325.75
2325.75
2325.75
2322.55
2321.24
2321.24
2321.24
2321.24
2321.24
2321.24
2321.24
2321.24
2321.24
2321.24
2321.24
2321.24
2321.24
2321.24
2321.24
2321.24
2321.24
2321.24
2321.24
2321.24
2321.24
2313.29
2313.29
2313.29
2309.45
2306.67
2306.67
2306.67
2306.67
2303.1
2301.27
2301.27
2301.27
2301.27
2301.27
2301.27
2296.55
2296.55
2296.55
2296.55
2296.55
2274.92
2274.92
2274.92
2271.9
2271.9
2262.63
2262.63
2262.63
2262.63
2262.63
2262.63
2262.63
2262.63
2262.63
2252.76
2252.76
2252.76
2241.2
2241.2
2241.2
2241.2
2241.2
2241.2
2241.2
2235.75
2235.75
2235.75
2235.75
2235.75
2235.75
2235.75
2235.75
2235.75
2235.75
2235.75
2235.75
2231.8
2231.8
2231.8
2231.8
2231.8
2231.8
2231.8
2231.8
2231.8
2231.8
2231.8
2231.8
2231.8
2231.8
2231.8
2231.8
2231.8
2231.8
2231.8
2231.8
2231.8
2224.71
2224.71
2224.71
2224.71
2224.71
2224.71
2212.24
2212.24
2212.24
2212.24
2212.24
2212.24
2212.24
2212.24
2209.88
2209.88
2209.88
2209.88
2209.88
2209.88
2209.88
2209.88
2209.88
2209.88
2209.88
2209.88
2209.88
2209.88
2209.88
2209.88
2209.88
2209.88
2209.88
2209.88
2209.88
2209.88
2204.88
2204.88
2204.88
2204.88
2204.88
2204.88
2204.88
2204.88
2204.88
2204.88
2197.88
2197.88
2197.88
2197.88
2197.88
2197.88
2194.02
2194.02
2194.02
2189.78
2189.78
2189.78
2189.78
2189.78
2185.2
2185.2
2185.2
2185.2
2185.2
2185.2
2185.2
2185.2
2185.2
2182.06
2182.06
2182.06
2182.06
2182.06
2182.06
2182.06
2182.06
2182.06
2182.06
2182.06
2182.06
2182.06
2182.06
2174.53
2174.53
2174.53
2174.53
2174.53
2174.53
2174.53
2174.53
2173.1
2173.1
2173.1
2173.1
2162.84
2160.84
2157.94
2157.94
2153
2153
2153
2153
2153
2153
2153
2151.75
2151.75
2151.75
2151.75
2151.75
2151.75
2151.75
2151.75
2151.75
2151.75
2151.75
2151.75
2151.75
2151.75
2151.75
2151.75
2151.75
2151.75
2151.75
2151.75
2151.75
2149.78
2149.78
2149.78
2149.78
2149.78
2149.78
2149.78
2149.78
2149.78
2149.78
2149.78
2149.78
2149.78
2149.78
2149.78
2149.78
2149.78
2147.53
2147.53
2147
2147
2147
2147
2147
2147
2147
2147
2147
2147
2147
2147
2147
2147
2147
2147
2147
2147
2147
2147
2147
2144.35
2144.35
2144.35
2144.35
2144.35
2144.35
2135.67
2135.67
2135.67
2135.67
2135.67
2135.67
2135.67
2135.67
2135.67
2135.67
2135.67
2135.67
2135.67
2135.67
2135.67
2135.67
2135.67
2135.67
2135.67
2135.67
2135.67
2135.67
2135.67
2135.67
2135.67
2135.67
2133
2133
2124.75
2124.75
2124.75
2124.75
2124.75
2123.76
2123.76
2123.76
2123.76
2123.76
2123.76
2123.76
2123.76
2123.76
2123.76
2123.76
2123.76
2123.76
2123.76
2123.76
2114.65
2114.65
2114.65
2114.65
