60900.9
60499
60180.2
59885.9
59723.6
59499.3
59439.3
59376.5
59355.2
59355.2
59140.6
59140.6
58960.9
58560.5
58461
58461
58461
58262.8
58106.7
57568.1
57568.1
57548.2
57422.5
57268.6
56794.9
56708.9
56708.9
56536.3
56536.3
56520.1
56248.3
56248.3
56248.3
55836.9
55810.8
55726.1
55473.3
55372.5
55284.2
55230.7
54665.9
54665.9
54665.9
54625.6
54456.2
54456.2
54456.2
54456.2
54456.2
54425.5
54425.5
54425.5
54411
54367.2
54367.2
54344.1
54037.8
54037.8
54037.8
53925.2
53925.2
53868.6
53868.6
53773.2
53773.2
53708.3
53708.3
53529.5
53339.8
53339.8
53016.8
52995.6
52995.6
52995.6
52995.6
52995.6
52862.6
52777.7
52777.7
52777.7
52777.7
52566.4
52221.7
51997.6
51997.6
51997.6
51997.6
51997.6
51997.6
51997.6
51997.6
51997.6
51685.1
51322.4
51232.5
51232.5
51215.7
51215.7
50823.3
50632.9
50615.2
50584.6
50319.8
50204.2
50064.3
50006.8
50006.8
50006.8
49909.3
49695.1
49695.1
49695.1
49600.3
49395.8
49222.5
49174.4
49038.3
49038.3
48872.2
48439.6
48439.6
48393.3
48393.3
48355.5
48171.4
47911.9
47720.7
47546.7
47546.7
47257.4
47257.4
47224.2
46963.9
46963.9
46852.3
46811.1
46686
46653.5
46524.6
46524.6
46302.4
46282.1
46282.1
46282.1
46051.1
46051.1
46007.7
46007.7
46007.7
45669.4
45669.4
45669.4
45549.2
45509.7
45449.2
45393.3
45393.3
45393.3
45393.3
45393.3
45393.3
45275.4
45275.4
44928.6
44928.6
44928.6
44928.6
44795.5
44795.5
44795.5
44623.8
44559.5
44476.7
44353.4
44289.6
44289.6
44198.4
44165
44165
44165
44165
44165
44165
44165
44165
44017.9
44017.9
44017.9
43924.2
43924.2
43924.2
43924.2
43895
43895
43895
43895
43895
43895
43895
43686.9
43600.7
43600.7
43600.7
43336.4
43336.4
43336.4
43313.7
43227.9
43115.4
43055
42934.1
42824.6
42775.9
42738.3
42651.8
42651.8
42570.8
42435
42340.6
42340.6
42128.5
42120.9
41976.9
41976.9
41822.8
41822.8
41822.8
41716.9
41662.8
41662.8
41662.8
41662.8
41656
41618.3
41273.4
41243.4
41243.4
41243.4
41215.9
41215.9
41215.9
41215.9
41142.2
41025.4
40885.4
40885.4
40876
40843.5
40843.5
40823.9
40823.9
40712.3
40625.7
40625.7
40585.9
40474.7
40474.7
40179.9
40113.1
39936.6
39880.8
39730.3
39612.5
39612.5
39549
39316.4
39316.4
39232.4
39232.4
39232.4
39227.7
39226.3
39058.2
39058.2
38785.1
38615.1
38615.1
38615.1
38615.1
38593.9
38385.8
38210.3
38210.3
38210.3
38210.3
38018.9
38018.9
38018.9
38011.2
37881.6
37881.6
37753.8
37753.8
37753.8
37655.9
37655.9
37399.7
37399.7
37399.7
37373.2
37373.2
37279.1
37168.2
37168.2
37168.2
36955.9
36955.9
36735.2
36735.2
36632.5
36632.5
35856.7
35856.7
35856.7
35856.7
35841.9
35837.8
35609.6
35309.7
35250.6
35145
35145
35133.7
35133.7
35133.7
35133.7
35084.2
35084.2
35084.2
35084.2
35037.1
35037.1
34976.7
34523.1
34376
34289.5
34289.5
34275.3
34275.3
34275.3
34275.3
34275.3
34275.3
34275.3
34275.3
34231
34231
34192.2
34192.2
34192.2
34192.2
34124.4
34124.4
34051.5
34003.4
33972.7
33969.5
33938.7
33893.9
33893.9
33893.9
33893.9
33893.9
33856.8
33819.9
33819.9
33819.9
33819.9
33819.9
33819.9
33819.9
33803.3
33653.7
33653.7
33542.8
33399.7
33399.7
33399.7
33399.7
33399.7
33381.3
33367.5
33363.9
33301.9
33301.9
33219
33219
33219
33219
33219
33219
33219
33084.6
33084.6
32993.5
32993.5
32966.1
32966.1
32966.1
32961.5
32910
32910
32826.5
32826.5
32826.5
32797.8
32797.8
32614.6
32478.9
32460.9
32460.9
32340.3
32263
32178.1
31963.5
31881.6
31860.1
31721.7
31721.7
31702
31382.1
31291
31208.7
31178.9
31178.9
31178.9
31178.9
31178.9
31178.9
31178.9
31178.9
31178.9
31100.3
31060.2
30885
30885
30885
30784
30784
30676.5
30657.1
30568.9
30568.9
30496
30496
30291.3
30291.3
30256.7
30256.7
30211.9
30175.1
30175.1
30175.1
30041.6
30041.6
30041.6
30041.6
29941.5
29875.2
29875.2
29840.6
29840.6
29592.6
29592.6
29592.6
29592.6
29592.6
29592.6
29592.6
29592.6
29392.5
29392.5
29392.5
29283.2
29282.3
29282.3
29282.3
29262
29262
29252.6
29252.6
29252.6
29252.6
29252.6
29185.6
29087.5
29034.1
29034.1
29034.1
29034.1
29034.1
28967
28967
28967
28967
28897.8
28789.3
28789.3
28789.3
28789.3
28742.8
28742.8
28476.2
28476.2
28476.2
28364.5
28255.4
28255.4
28255.4
28255.4
28255.4
28137.4
28129.8
28129.8
28129.8
28129.8
27886.3
27886.3
27723.1
27496.1
27390.1
27390.1
27390.1
27344.8
27338.3
27338.3
27338.3
27238.8
27238.8
27050.2
26983
26881.5
26865.8
26823
26785.6
26784.4
26784.4
26784.4
26784.4
26784.4
26716.9
26711.2
26642.6
26633.1
26633.1
26633.1
26616.8
26512.5
26449
26410.3
26410.3
26244.9
26174.5
26155.6
26155.6
26121
26121
26121
26121
26121
26121
26121
26107.5
26107.5
25886.9
25886.9
25781.3
25725.7
25725.7
25720
25720
25720
25547.9
25481.3
25481.3
25481.3
25481.3
25481.3
25481.3
25481.3
25481.3
25481.3
25462
25462
25462
25350
25350
25350
25350
25350
25238.7
25238.7
25238.7
25238.7
25238.7
25238.7
25238.7
25238.7
25238.7
25238.7
25238.7
25238.7
24881.3
24881.3
24825.4
24657.4
24657.4
24657.4
24605.2
24517.3
24517.3
24395.1
24126.8
24126.8
24126.8
23905.4
23815.3
23815.3
23815.3
23815.3
23815.3
23815.3
23758.5
23694.9
23694.9
23694.9
23694.9
23693.3
23693.3
23693.3
23693.3
23647.6
23647.6
23614.7
23406.7
23406.7
23406.7
23403.6
23403.6
23403.6
23384
23384
23384
23253.8
23253.8
23253.8
23253.8
23253.8
23253.8
23108.4
23098.7
23091.1
23091.1
23000
22942.8
22818.5
22801.2
22801.2
22797.1
22797.1
22797.1
22797.1
22764.2
22764.2
22764.2
22736.5
22736.5
22736.5
22731.7
22731.7
22632.7
22632.7
22632.7
22576.6
22493.3
22493.3
22493.3
22391.3
22391.3
22391.3
22391.3
22269.5
22269.5
22269.5
22269.5
22220.7
22216.6
22216.6
22216.6
22216.6
22216.6
22216.6
22216.6
22216.6
22216.6
22216.6
22216.6
22184.5
22184.5
22125.5
22125.5
22125.5
22082.4
22082.4
22082.4
21991.5
21747.9
21747.9
21747.9
21687.2
21687.2
21687.2
21581.4
21581.4
21581.4
21539.1
21423.7
21400.7
21400.7
21400.7
21400.7
21400.7
21327.9
21307
21307
21307
21307
21307
21307
21307
21307
21307
21131.7
21131.7
21131.7
21131.7
21131.7
20953.4
20953.4
20953.4
20953.4
20688.9
20688.9
20688.9
20629.2
20629.2
20629.2
20629.2
20629.2
20561.1
20561.1
20561.1
20561.1
20560.5
20560.5
20560.5
20520
20520
20461.6
20461.6
20423
20377.3
20377.3
20284
20284
20178.7
20178.7
20093.3
20093.3
20069.7
20064.7
20064.7
20051.4
20051.4
19877.5
19877.5
19877.5
19793.9
19793.9
19793.9
19793.9
19793.9
19793.9
19793.9
19793.9
19774.4
19766.9
19738.7
19738.7
19738.7
19695.1
19695.1
19695.1
19575.3
19575.3
19575.3
19575.3
19514.6
19514.6
19514.6
19501.5
19460.1
19460.1
19460.1
19460.1
19460.1
19460.1
19334.7
19334.7
19334.7
19334.7
19334.7
19334.7
19334.7
19334.7
19320.4
19154
19095.1
19095.1
19095.1
19095.1
19095.1
19076.4
19032.5
18812.8
18737.6
18737.6
18737.6
18737.6
18737.6
18737.6
18663.8
18660.1
18571.1
18496.6
18496.6
18496.6
18475
18475
18470.9
18408.3
18408.3
18383.3
18383.3
18310.9
18310.9
18310.9
18310.9
18310.9
18228.8
18228.8
18228.8
18228.8
18086.7
18086.7
18085.1
18054
17983.6
17983.6
17983.6
17983.6
17955.9
17931.3
17931.3
17931.3
17908.4
17908.4
17841.4
17815
17786.6
17701
17701
17701
17701
17686.5
17686.5
17686.5
17686.5
17686.5
17686.5
17686.5
17636.7
17636.7
17636.7
17636.7
17611.5
17611.5
17477.3
17470.6
17470.6
17388.4
17388.4
17388.4
17388.4
17388.4
17388.4
17388.4
17339
17339
17339
17339
17339
17214.8
17214.8
17179.5
17179.5
17173.8
17173.8
17173.8
17127.1
17127.1
17072.4
16795.3
16795.3
16795.3
16795.3
16729.8
16729.8
16729.8
16727.3
16727.3
16704.4
16704.4
16611.3
16557
16363.7
16363.7
16363.7
16363.7
16176.6
16176.6
16159.1
16159.1
16081.8
16008.2
16008.2
16008.2
15925
15925
15925
15925
15920.8
15916.2
15845
15760.9
15760.9
15760.9
15760.9
15760.9
15760.9
15731.8
15697.4
15697.4
15697.4
15697.4
15697.4
15672.5
15672.5
15672.5
15672.5
15672.5
15672.5
15672.5
15652.5
15652.5
15641.8
15628.3
15593
15592.4
15592.4
15592.4
15592.4
15592.4
15592.4
15592.4
15587
15535.1
15535.1
15535.1
15535.1
15535.1
15535.1
15535.1
15535.1
15458.6
15458.6
15458.6
15415.1
15415.1
15394.3
15394.3
15394.3
15394.3
15394.3
15333.8
15333.8
15319.7
15205.6
15200.7
15162.3
15132.8
15126.8
15093.5
15032.6
15027.1
15013.3
15013.3
15007.3
14988.5
14988.5
14988.5
14946.9
14864.1
14864.1
14864.1
14750.9
14750.9
14750.9
14730.2
14730.2
14707.9
14707.9
14707.9
14679.8
14576
14576
14574.4
14574.4
14574.4
14574.4
14493.7
14493.7
14493
14493
14465.8
14463.8
14463.8
14463.8
14463.8
14454.7
14318.9
14304.1
14275.2
14261.9
14185.5
14185.5
14185.5
14185.1
14181.2
14181.2
14181.2
14181.2
14181.2
14181.2
14181.2
14148.2
14059.1
14055.8
14055.8
14015.3
14015.3
14015.3
14015.3
14015.3
14015.3
14015.3
13969.4
13969.4
13969.4
13932.9
13931.7
13931.7
13931.7
13931.7
13931.7
13931.7
13931.7
13931.7
13880.5
13880.5
13880.5
13880.5
13880.5
13869.3
13829.4
13788.7
13769.2
13769.2
13769.2
13769.2
13751.2
13712.4
13712.4
13697
13697
13686.5
13686.5
13655.4
13655.4
13654.7
13654.7
13653.2
13642.8
13596.7
13593.3
13593.3
13593.3
13593.3
13586.3
13578.2
13578.2
13578.2
13578.2
13525.3
13525.3
13525.3
13525.3
13503.6
13503.6
13503.6
13503.6
13433.6
13433.6
13433.6
13375
13362.8
13351.2
13351.2
13351.2
13351.2
13351.2
13343.3
13265.4
13200
13181.8
13181.8
13125.7
13114.2
13114.2
13114.2
13114.2
13114.2
13100.9
13100.9
13046.5
13046.5
13046.5
12977.6
12977.6
12963.7
12963.7
12936.5
12936.5
12936.5
12883.5
12883.5
12851.2
12851.2
12851.2
12851.2
12843.2
12843.2
12843.2
12843.2
12843.1
12843.1
12843.1
12823.3
12823.3
12800.2
12783.9
12783.9
12783.9
12783.9
12783.9
12783.9
12783.9
12727.6
12721
12656.9
12656.9
12656.9
12656.9
12656.9
12656.9
12656.9
12656.9
12656.9
12656.9
12656.9
12656.9
12656.9
12656.9
12656.9
12656.9
12656.9
12656.9
12656.9
12656.9
12656.9
12628.1
12596.6
12524.4
12524.4
12524.4
12524.4
12524.4
12513.9
12513.9
12485.9
12485.9
12485.9
12472.9
12428.5
12421.2
12390.8
12390.8
12383.3
12383.3
12383.3
12322.9
12322.9
12303.6
12278
12242.8
12242
12242
12176.7
12176.7
12176.7
12149.5
12149.5
12121.7
12021.8
11985.6
11985.6
11985.6
11985.6
11985.6
11985.6
11985.6
11975.2
11975.2
11972.7
11972.7
11954.7
11954.7
11909.7
11815.7
11815.6
11808.9
11783.7
11783.7
11783.7
11774.5
11774.5
11774.5
11773.2
11773.2
11674.7
11674.7
11674.7
11643.2
11643.2
11643.2
11643.2
11616.5
11616.5
11616.5
11616.5
11598.3
11598.3
11579.5
11579.5
11542.6
11540.1
11531.7
11511.9
11511.9
11511.9
11511.9
11511.9
11511.9
11511.9
11494.8
11481.8
11481.8
11481.8
11481.8
11481.8
11441.4
11441.4
11441.4
11427.7
11415
11391.5
11391.5
11347
11347
11347
11347
11347
11347
11321.1
11297.2
11297.2
11297.2
11278.2
11278.2
11267.3
11267.3
11267.3
11267.3
11267.3
11267.3
11132.1
11132.1
11132.1
11099
11099
11071.7
11071.1
11056.9
11012.3
10992.7
10992.7
10992.7
10992.7
10977.6
10977.6
10977.6
10977.6
10955.9
10955.9
10955.9
10945.4
10865.9
10863
10863
10863
10863
10848.6
10829.4
10813.4
10813.4
10761
10714.5
10714.5
10698.8
10698.8
10698.8
10698.8
10698.8
10679.7
10679.7
10672.5
10672.5
10577
10577
10565.2
10565.2
10542.2
10542.2
10542.2
10542.2
10542.2
10542.2
10512.4
10512.4
10512.4
10470.5
10470.5
10449.2
10448
10433.9
10406.7
10406.7
10383.2
10383.2
10383.2
10369.1
10369.1
10369.1
10369.1
10299.8
10297.6
10277.9
10277.9
10277.9
10277.9
10241.5
10241.5
10241.5
10219.3
10219.3
10219.3
10219.3
10219.3
10219.3
10219.3
10219.3
10219.3
10219.3
10198.3
10163.4
10163.4
10143.9
10131
10067.2
10029.7
10029.7
10029.7
9970.22
9937.22
9937.22
9937.22
9929.98
9929.98
9929.98
9929.98
9929.98
9929.98
9929.98
9929.98
9916.84
9916.84
9916.84
9858.41
9827.37
9800.76
9776.45
9776.45
9741.57
9741.57
9741.57
9697.18
9677.67
9677.67
9677.67
9670.69
9658.14
9648.76
9648.76
9648.76
9648.76
9648.76
9648.76
9607.06
9592.43
9592.43
9592.43
9586.22
9568.04
9559.94
9559.94
9559.94
9559.94
9559.94
9559.94
9559.94
9538.94
9534.04
9534.04
9534.04
9534.04
9534.04
9534.04
9534.04
9529.9
9526.24
9526.24
9526.24
9522.14
9522.14
9503.04
9428.33
9428.33
9428.33
9384.94
9383.25
9383.25
9362.61
9362.61
9359.49
9349.82
9344.88
9344.88
9344.88
9344.88
9344.88
9324.14
9324.14
9324.14
9324.14
9318.39
9318.39
9318.39
9311.47
9305.96
9305.96
9305.96
9275.35
9275.35
9201.9
9201.9
9201.9
9168.51
9168.51
9168.51
9119.31
9119.31
9104.04
9093.65
8983.98
8945.02
8935.49
8935.49
8935.49
8935.49
8909.35
8872.29
8856.55
8856.55
8856.55
8853.98
8821.92
8817.18
8803.67
8786.67
8786.67
8786.67
8782.92
8782.92
8758.43
8739.96
8732.94
8732.94
8713.63
8713.63
8713.63
8713.63
8711.24
8711.24
8613.73
8613.73
8613.73
8589.59
8552.12
8541.06
8541.06
8541.06
8541.06
8541.06
8541.06
8541.06
8529.59
8529.59
8458.06
8458.06
8458.06
8458.06
8426.8
8426.8
8426.8
8426.8
8426.8
8426.8
8426.8
8426.8
8426.8
8426.8
8399.02
8374.75
8374.75
8374.75
8374.75
8374.75
8374.75
8363.82
8363.82
8330.47
8330.47
8330.47
8300.53
8300.53
8300.53
8300.53
8300.53
8300.53
8300.53
8285.43
8265.73
8232.04
8232.04
8232.04
8203.49
8203.49
8174.06
8174.06
8166.55
8161.76
8155.84
8155.1
8034.06
8034.06
8034.02
8034.02
8033.92
8019.37
7976.18
7976.18
7949.69
7949.69
7927.02
7927.02
7927.02
7900.12
7900.12
7899.94
7899.94
7899.94
7849.16
7840.06
7840.06
7834.63
7834.63
7834.63
7818.43
7818.43
7818.43
7798.92
7798.92
7725.9
7723.98
7695.88
7657.24
7621.82
7621.82
7621.82
7616.63
7616.63
7616.63
7616.63
7603.67
7603.67
7594.59
7578.8
7570.86
7518.8
7518.8
7518.8
7512.73
7512.73
7512.73
7512.73
7501.82
7501.82
7470.67
7470.67
7469.71
7469.71
7469.71
7453.31
7450.67
7450.67
7450.67
7450.67
7450.67
7450.67
7450.67
7450.67
7450.67
7450.67
7424.14
7424.14
7424.14
7424.14
7424.14
7414.47
7414.47
7414.37
7414.37
7414.37
7406.65
7406.65
7405.04
7398.63
7398.63
7398.63
7359.39
7359.39
7359.39
7334.1
7304.71
7304.71
7304.71
7304.71
7304.71
7304.71
7302.41
7291.39
7291.39
7291.39
7279.29
7279.29
7279.29
7247.2
7209.43
7209.43
7209.43
7200.55
7198.86
7191.57
7191.57
7178.08
7169.53
7150.88
7120.71
7100.08
7100.08
7096.82
7096.82
7096.82
7095.84
7095.84
7094.25
7094.25
7094.25
7058.45
7058.45
7058.45
7058.45
6996.92
6974.55
6955.39
6935.29
6935.29
6926.35
6926.35
6901.82
6832.27
6828.53
6817.35
6798.94
6798.94
6787.67
6746.9
6734.14
6680.1
6680.1
6680.1
6673.41
6670.63
6670.63
6658.39
6658.39
6658.39
6658.39
6658.39
6644.63
6644.63
6644.63
6644.63
6640.33
6640.33
6639.51
6639.51
6639.51
6630.29
6630.29
6596.14
6583.29
6583.29
6570.41
6530.92
6530.92
6518.41
6518.41
6518.41
6518.41
6518.41
6518.41
6514.9
6513.86
6513.86
6513.86
6513.86
6490.16
6490.16
6490.16
6484.59
6461.61
6448.69
6448.69
6448.69
6448.69
6448.69
6448.69
6448.69
6448.69
6435.84
6435.84
6426.84
6398.73
6398.73
6398.73
6395.55
6392.53
6392.53
6385.2
6385.2
6379.06
6379.06
6366.65
6341.63
6318.59
6307.02
6307.02
6304.31
6304.31
6304.31
6304.31
6285.86
6272.75
6272.75
6272.75
6272.75
6272.75
6243.84
6198.98
6198.98
6165.14
6165.14
6165.14
6149.41
6142.94
6142.94
6101.43
6101.43
6101.43
6092.57
6092.57
6081.73
6065.37
6063.94
6063.94
6047.65
6047.65
6047.65
6047.65
6046.39
6046.39
6046.39
6046.39
6029.2
6011.86
6002.31
6002.31
5997.92
5997.92
5988.78
5970.61
5957.14
5928.65
5928.65
5928.65
5928.65
5928.65
5928.65
5928.65
5928.65
5928.65
5890.18
5887.71
5887.71
5885.59
5879.29
5879.29
5879.29
5863.06
5854.02
5850.2
5831.92
5804.37
5804.37
5804.37
5782.71
5777.29
5777.29
5777.29
5765.39
5765.39
5765.39
5765.39
5765.39
5765.39
5765.39
5765.39
5765.39
5765.39
5765.39
5765.39
5751.27
5747.67
5747.67
5747.67
5733.27
5719.84
5704.04
5688.31
5688.31
5688.31
5688.31
5656.47
5626.37
5626.37
5626.37
5626.37
5593.73
5576.39
5576.39
5571.25
5564.27
5553.39
5552.02
5532.29
5532.29
5532.29
5510.1
5507.45
5507.45
5496.39
5496.39
5495.06
5491.39
5480.12
5477.67
5477.67
5477.67
5454.35
5439.78
5397.57
5394.27
5394.27
5394.27
5394.27
5389.57
5384.59
5334.96
5332.82
5332.82
5327.57
5327.57
5327.57
5327.04
5327.04
5327.04
5308.25
5306.14
5305.51
5305.51
5271.16
5271.16
5256.71
5242.78
5242.78
5242.27
5242.27
5242.27
5242.27
5241.82
5241.82
5241.82
5241.82
5231.02
5217.8
5217.8
5217.8
5217.8
5192.88
5192.88
5192.88
5184.63
5184.63
5184.63
5184.63
5184.63
5181.49
5166.41
5166.41
5166.41
5165.45
5163.94
5163.94
5163.94
5163.94
5163.94
5163.94
5163.94
5149.41
5115
5115
5115
5102.53
5102.53
5102.53
5102.53
5101.18
5050.82
5043.02
5037.49
5024.61
5018.57
5006.63
5006.63
5006.63
5006.63
4961.96
4961.96
4961.33
4961.33
4961.33
4961.33
4961.33
4936.25
4936.25
4936.25
4929.16
4929.16
4929.16
4925
4873.08
4873.08
4863.25
4860.47
4860.47
4848.84
4848.84
4848.84
4821.16
4821.16
4821.16
4821.16
4821.16
4821.16
4821.16
4821.16
4821.16
4802.75
4796.2
4787.84
4778.33
4767.94
4767.94
4767.94
4767.94
4767.94
4767.94
4767.94
4767.94
4767.94
4753.37
4753.37
4753.37
4749.76
4743.57
4743.25
4737.9
4737.9
4737.9
4737.9
4737.9
4737.9
4737.9
4737.9
4723.98
4723.98
4723.98
4723.98
4718.82
4718.82
4708.86
4682.67
4680.63
4668.67
4668.67
4668.67
4584.47
4584.47
4584.47
4584.47
4584.47
4567.76
4567.76
4567.76
4563.29
4544.61
4544.61
4544.61
4544.61
4544.61
4544.61
4528.53
4528.53
4520.69
4520.69
4518.55
4518.55
4512.57
4512.57
4510.29
4509.35
4509.35
4495.45
4495.45
4494.02
4494.02
4494.02
4494.02
4494.02
4494.02
4494.02
4492.45
4492.45
4487.45
4487.45
4487.45
4487.45
4470.86
4458.76
4458.76
4458.76
4439.75
4439.75
4413.41
4367.92
4367.92
4367.92
4367.92
4361.1
4361.1
4351.55
4351.55
4310.61
4310.61
4310.61
4286.35
4286.35
4286.35
4286.35
4285.24
4285.24
4285.24
4284.63
4284.63
4267.31
4267.31
4267.31
4253.65
4253.65
4253.65
4244.73
4201.24
4201.24
4201.24
4201.24
4201.24
4201.24
4187.9
4187.9
4187.9
4187.9
4176.12
4176.12
4176.12
4176.12
4176.12
4176.12
4176.12
4176.12
4176.12
4176.12
4176.12
4173.63
4169.57
4169.57
4169.57
4168.47
4168.47
4168.47
4168.47
4168.47
4168.47
4168.47
4168.47
4168.47
4150.92
4150.92
4150.92
4150.92
4143.53
4143.53
4137.75
4130.1
4130.1
4109.16
4102.55
4100.8
4100.8
4100.8
4089.61
4073.82
4073.31
4063
4041.76
4041.76
4041.76
4041.76
4041.18
4036.06
4036.06
4036.06
4036.06
4036.06
4025.88
4014.02
4008.35
4008.35
4003.78
4003.78
4003.78
4003.78
4003.78
3991.2
3991.2
3964.27
3943.33
3938.45
3937.75
3930.24
3930.24
3930.24
3930.24
3909.25
3909.25
3892.08
3892.08
3879.86
3879.86
3879.86
3875.86
3875.53
3854.92
3854.92
3854.14
3850.82
3850.82
3825.45
3825.45
3825.45
3814
3814
3801.12
3801.12
3801.12
3800.41
3800.41
3800.41
3798.88
3798.88
3798.88
3791.45
3786.04
3786.04
3765.55
3765.55
3756.98
3748.65
3741.67
3741.67
3740.14
3740.14
3740.14
3738.78
3727.98
3719.24
3719.24
3719.24
3719.24
3719.24
3719.24
3719.24
3719.24
3719.24
3719.24
3715.67
3711.08
3711.08
3699.78
3699.78
3674.35
3660.73
3643
3605.76
3605.76
3593.88
3584.92
3584.92
3584.92
3584.92
3564.69
3564.69
3541.82
3533.51
3518.53
3518.53
3518.53
3510.45
3503.31
3503.31
3503.31
3503.31
3503.31
3503.31
3503.31
3499.84
3499.84
3499.84
3499.84
3499.84
3499.84
3499.84
3497.78
3493.45
3493.45
3478.51
3478.51
3463.53
3463.53
3459.75
3457.51
3457.51
3456.08
3456.08
3456.08
3450.73
3450.73
3450.73
3450.73
3450.47
3450.47
3450.47
3450.47
3450.47
3450.47
3450.47
3440.53
3434.1
3434.1
3434.1
3429.61
3413.8
3404.24
3395.1
3395.1
3395.1
3395.1
3379.49
3379.49
3375.57
3375.57
3375.57
3375.57
3375.57
3371
3371
3371
3356.69
3356.69
3356.67
3354.59
3354.59
3354.59
3341.75
3341.75
3341.75
3341.75
3331.16
3324.92
3318.06
3318.06
3318.06
3318.06
3304.1
3296.76
3296.76
3282.78
3282.78
3282.78
3282.78
3280.59
3280.59
3280.59
3268.96
3263.71
3255.24
3255.24
3251.39
3248.43
3248.43
3235.82
3234.76
3234.76
3214.76
3206.55
3192.24
3192.24
3190.27
3190.22
3190.22
3190.22
3190.22
3190.22
3190.22
3190.22
3190.22
3190.22
3190.22
3190.22
3172.65
3172.65
3166.73
3162.8
3162.8
3158.45
3158.45
3158.45
3150.22
3150.22
3133.49
3133.49
3103.82
3103.82
3103.82
3101.71
3100.92
3089
3089
3089
3089
3089
3075.9
3074.43
3070.67
3067.51
3067.51
3067.51
3060.86
3060.86
3060.86
3030.27
3030.27
3030.27
3030.27
3030.27
3030.27
3026.75
3024.73
3015.25
3015.25
3015.25
3015.25
3015.25
3015.25
3015.25
3014.33
3014.33
3014.33
3014.33
3012.29
3002.57
3002.57
3002.57
2997.29
2997.29
2997.29
2997.29
2976.29
2976.29
2976.29
2970.86
2967.04
2967.04
2967.04
2967.04
2967.04
2967.04
2967.04
2961.92
2961.29
2961.29
2948.63
2948.63
2948.63
2934.96
2915.84
2915.84
2915.84
2915.84
2887.98
2884.31
2875.33
2875.33
2874.78
2853.65
2853.65
2853.65
2853.65
2853.65
2853.65
2853.65
2845.57
2842.02
2842.02
2826.82
2824.41
2824.41
2824.41
2805.29
2803.84
2803.84
2802.08
2802.08
2802.08
2793.67
2789.75
2789.75
2789.75
2789.75
2789.75
2789.75
2778.63
2778.63
2778.63
2771.2
2758.8
2752.43
2752.43
2746.73
2746.73
2746.73
2746.73
2725.27
2725.27
2725.27
2725.27
2725.27
2725.27
2725.27
2725.27
2725.27
2724.78
2724.78
2715.8
2715.8
2715.8
2715.14
2712.33
2693.27
2693.27
2693.27
2693.27
2677.35
2677.35
2673.94
2672.76
2670.84
2670.84
2670.84
2670.84
2670.84
2670.84
2670.84
2670.84
2670.84
2668.39
2668.39
2668.39
2668.39
2666.25
2666.25
2640.06
2640.06
2637.49
2637.49
2615.55
2591.61
2591.61
2587.78
2587.78
2587.78
2587.78
2587.78
2587.73
2582.1
2582.1
2581.63
2579.25
2579.25
2579.16
2569.88
2569.88
2569.88
2567.9
2567.9
2567.75
2567.75
2567.75
2567.67
2548.8
2545.55
2545.55
2545.55
2543.14
2537.2
2537.2
2530.55
2530.55
2511.57
2511.57
2511.57
2508.75
2499.73
2493.75
2492.31
2492.31
2492.31
2492.31
2492.31
2492.31
2492.31
2488.2
2488.2
2488.2
2488.2
2488.2
2486.73
2485.53
2485.53
2476.78
2476.78
2476.78
2473.86
2472.41
2470.73
2470.45
2466.94
2466.94
2466.94
2450.63
2447.31
2428.63
2423.96
2423.96
2423.96
2414.59
2414.59
2406
2390.41
2390.41
2390.41
2390.41
2387.08
2387.08
2387.08
2382.9
2382.9
2382.9
2382.9
2361.69
2361.69
2361.69
2360.1
2360.1
2356.78
2349.57
2349.57
2347.9
2347.9
2341.71
2341.71
2341.39
2341.39
2341.39
2339.08
2325.98
2321.92
2321.92
2321.92
2321.92
2321.92
2316.29
2312.57
2304.04
2299.75
2294.9
2294.9
2294.9
2294.29
2293.49
2275.8
2275.8
2275.8
2275.37
2275.37
2275.37
2275.37
2275.37
2263.53
2263.53
2263.53
2259.47
2243.39
2243.39
2239.63
2223.71
2223.71
2223.71
2223.71
2223.71
2223.53
2223.53
2221.43
2221.43
2217.14
2216.69
2216.69
2204.1
2204.1
2204.1
2204.1
2194.61
2194.61
2194.61
2193.61
2193.61
2193.61
2193.61
2193.61
2188.39
2188.39
2188.39
2183.41
2183.41
2183.41
2183.41
2183.41
2183.41
2183.16
2180.16
2169.88
2169.47
2169.47
2169.47
2169.47
2169.47
2169.47
2166.98
2166.98
2166.98
2166.98
2166.98
2154.45
2154.45
2154.45
2153.94
2153.94
2153.94
2153.94
2153.94
2153.94
2153.94
2149.9
2149.9
2149.9
2149.9
2135.92
2135.92
2135.92
2135.92
2135.92
2135.92
2135.92
2135.92
2135.92
2135.92
2131.1
2131.1
2131.1
2124.76
2124.76
2124.76
2115.65
2108.08
2091.51
2083.24
2083.24
2083.24
2074.78
2069
2065.73
2057.61
2057.55
2051.67
2051.67
2051.67
2051.67
2050.75
2050.75
2050.75
2045.63
2045.63
2045.63
2045.63
2045.63
2036.37
2035.27
2035.27
2035.27
2032.41
2016.47
2016.47
2016.47
2014.65
2013.1
2013.1
2011.22
2011.22
2010.45
2010.45
2010.45
2006.55
1978.84
1978.84
1978.84
1978.51
1978.51
1976.71
1976.71
1976.71
1976.71
1976.71
1976.71
1976.71
1976.71
1976.71
1976.71
1976.71
1976.71
1975.1
1975.1
1975.1
1973.92
1973.92
1967.88
1967.88
1967.88
1967.51
1962.29
1962.29
1962.29
1962.29
1958.84
1958.51
1958.51
1958.51
1958.51
1958.51
1956.61
1956.61
1952.8
1952.8
1948.55
1948.55
1948.55
1947.59
1947.59
1947.59
1947.59
1947.59
1947.59
1945.02
1942.82
1942.82
1942.82
1941.39
1941.39
1941.39
1941.39
1941.39
1934.84
1929.27
1926.12
1926.12
1926.12
1913.59
1909.69
1909.08
1909.08
1905.53
1903.92
1902.63
1895.41
1895.41
1886.2
1885
1884.04
1884.04
1877.1
1877.1
1877.1
1876.76
1873.98
1868.2
1864.73
1864.73
1864.29
1864.29
1855.59
1855.59
1855.59
1852.04
1852.04
1852.04
1852.04
1852.04
1842.33
1842.33
1842.33
1842.33
1840.63
1838.75
1837.9
1832.51
1832.51
1832.51
1832.51
1827.57
1827.57
1827.57
1827.57
1820.76
1820.76
1820.76
1815.78
1810.75
1806.96
1802.84
1802.84
1796.16
1796.16
1796.16
1787.18
1786.24
1786.24
1786.24
1780.71
1771.63
1768.16
1768.16
1768.16
1764.9
1764.9
1764.9
1764.9
1764.9
1764.9
1762.06
1760.47
1744.9
1744.9
1744.9
1744.9
1744.9
1744.9
1744.9
1743.69
1743.69
1729.86
1729.45
1727.88
1727.88
1727.88
1727.88
1727.88
1727.88
1722.8
1722.8
1722.8
1722.8
1721.57
1713.14
1713.14
1709.06
1709.06
1689.82
1689.82
1686.76
1685.27
1683.22
1674.61
1674.61
1663.37
1663.37
1663.37
1660.92
1660.92
1660.92
1660.92
1660.92
1659.65
1659.65
1659.43
1659.43
1659.43
1659.43
1659.43
1659.43
1659.02
1659.02
1648.53
1647.86
1647.86
1647.86
1647.86
1647.86
1646.16
1637.57
1637.57
1637.57
1637.57
1637.57
1637.57
1637.57
1637.57
1637.57
1634.55
1633.27
1633.27
1633.27
1633.27
1629.1
1629.1
1629.1
1629.1
1629.1
1626.57
1614.84
1614.84
1613.61
1604.06
1601.08
1599.69
1599.69
1587.71
1583.71
1583.71
1576.76
1576.76
1576.76
1574.75
1574.75
1574.75
1566.22
1566.22
1566.22
1563.8
1558.29
1558.29
1558.29
1558.29
1558.29
1558.29
1548.27
1542.69
1542.69
1535.71
1535.71
1535.71
1535.71
1535.71
1535.33
1535.33
1535.33
1534.76
1534.76
1532.14
1532.14
1532.14
1530.41
1530
1517.94
1517.94
1512.98
1512.98
1512.98
1511.53
1511.53
1511.53
1511.53
1511.53
1508.29
1506.14
1506.14
1506.14
1498
1498
1492.94
1492.94
1492.94
1492.18
1492.18
1491.94
1491.94
1491.94
1491.94
1491.94
1491.94
1488.78
1484.71
1480.71
1480.71
1480.71
1479.88
1479.88
1479.88
1475.98
1475.98
1475.98
1475.98
1473.25
1467.43
1467.43
1467.43
1467.43
1467.43
1467.43
1467.43
1467.43
1467.43
1467.43
1467.43
1467.43
1467.43
1459.35
1459.35
1459.35
1459.35
1459.35
1459.35
1459.35
1459.35
1459.14
1459.14
1459.14
1458.57
1445
1441.9
1437.41
1437.41
1425.16
1425.16
1424.73
1424.73
1424.73
1424.73
1418.08
1418.08
1418.08
1418.08
1418.08
1417.37
1417.08
1417.08
1417.08
1417.08
1417.08
1417.08
1417.08
1409.06
1409.06
1395.61
1394.25
1385.71
1384.86
1384.86
1380.14
1377.88
1377.88
1372.51
1372.51
1371.45
1369.18
1369.18
1368.9
1360.88
1355
1351.27
1351.27
1350.08
1350.08
1350.08
1350.08
1350.08
1350.08
1346.92
1345.69
1343.75
1335.82
1335.82
1333.29
1333.29
1328.16
1328.16
1328.16
1328.16
1328.16
1323.98
1323.98
1323.98
1323.98
1323.98
1317.61
1317.61
1315.76
1309.41
1309.41
1303.04
1302.47
1302.47
1302.47
1302.47
1300.82
1300.82
1291.94
1291.94
1286.75
1286.75
1286.39
1286.39
1282.39
1282.1
1282.1
1282.1
1279
1279
1278.24
1278.24
1278.24
1278.24
1278.24
1269.06
1269.06
1269.06
1269.06
1268.55
1268.55
1261.75
1260.18
1260.18
1260.18
1257
1257
1257
1257
1254.84
1254.84
1254.84
1249.08
1249.08
1249.08
1248.24
1248.24
1248.24
1248.24
1248.24
1243.37
1242.33
1240.35
1240.35
1240.35
1236.69
1236.69
1236.69
1236.69
1236.55
1229.69
1229.69
1229.69
1219.71
1219.31
1211.59
1210.98
1209.02
1208
1207.57
1203.71
1200.25
1200.25
1200.25
1187.37
1187.37
1187.37
1187.37
1187.37
1187.37
1181.1
1181.1
1179.04
1178.27
1175.61
1175.61
1174.12
1173.37
1172.43
1171.63
1165.84
1165.84
1165.84
1163.86
1154.22
1152.08
1144.45
1142.57
1141.1
1140.27
1135.84
1135.67
1135.67
1135.67
1134.04
1134.04
1131.75
1130.43
1125.8
1125.8
1125.8
1125.8
1125.8
1125.8
1125.8
1125.8
1121.12
1121.12
1121.12
1121.12
1121.12
1110.06
1110.06
1110.06
1093.55
1093.55
1093.55
1093.55
1093.55
1093.55
1093.55
1093.55
1093.55
1093.55
1091.57
1091.57
1091.57
1091.57
1091.57
1089.82
1089.82
1089.82
1089.82
1089.82
1089.82
1089.82
1088.51
1088.51
1088.51
1088.51
1088.51
1088.51
1082.39
1082.39
1082.39
1082.39
1082.39
1082.39
1082.39
1082.39
1082.39
1082.39
1082.39
1082.39
1082.02
1079.84
1079.84
1079.84
1079.84
1073.86
1069.43
1068.94
1068.94
1058.33
1058.33
1058.33
1057.33
1057.33
1057.33
1057.29
1051.96
1051.96
1051.96
1051.96
1051.96
1051.96
1050.12
1046.69
1046.69
1038.96
1034.39
1034.31
1034.31
1034.31
1034.31
1034.31
1033.43
1033.43
1027.78
1027.78
1027.78
1027.78
1025.71
1023.08
1019.25
1018.67
1018.67
1016.49
1016.49
1016.49
1014.71
1014.71
1014.71
1006.9
1006.9
1005.53
1005.39
1005.39
1005.39
1005.39
1005.39
1005.39
1005.39
1002.1
1001.53
991.706
991.706
991.078
989.529
984.49
984.49
981.039
980.725
980.725
980.059
980.059
980.059
979.686
979.686
973.412
973.412
973.412
973.412
970.02
970.02
970.02
966.529
966.529
966.529
966.529
966.529
963.529
962.294
961.863
959.412
959.412
959.412
959.412
959.412
959.412
959.353
958.882
957.353
956.373
956.373
956.373
956.373
946.961
941.137
938.824
938.824
938.824
938.824
938.824
938.588
938.588
938.588
935.157
935.157
935.157
935.157
935.157
935.157
934.98
934.98
934.608
934.608
933.569
926.569
926.078
926.078
925.137
919.804
919.804
917.196
917.078
913.137
913.137
913.137
913.137
913.137
913.137
913.137
913.137
913.137
913.137
909.922
908.647
907.431
907.431
907.431
901.196
901.196
898.392
897.353
897.353
897.353
897.353
891.882
891.882
891.882
890.922
890.922
890.922
887.196
887.196
887.196
887.196
887.196
884.765
884.765
882.941
882.941
882.941
882.941
882.941
882.941
882.941
882.941
882.275
882.275
882.275
882.275
882.275
882.275
882.275
882.275
881.588
881.588
881.588
881.588
881.588
881.588
881.588
880.745
880.745
880.745
880.745
876.941
876.941
876.941
876.941
875.157
875.157
875.157
873.373
872.843
872.843
872.843
872.843
872.176
872.176
872.176
872.176
864.333
864.333
864.333
862.353
862.353
859.765
857.922
855.863
855.863
855.549
855.235
855.235
852.216
841.431
841.431
840.275
840.039
836.275
836.275
836.275
833.725
831.275
831.275
830.922
830.922
830.922
830.922
830.922
826.882
826.882
819.922
819.216
819.216
819.216
819.216
819.216
816.549
816.549
816.549
812
805.627
804.882
804.882
803.196
801.569
799.667
799.667
799.667
799.667
799.667
792.667
788.902
787.373
786.882
785.961
785.961
784.49
784.49
784.49
784.49
784.49
784.49
784.49
784.49
784.49
784.49
784.49
784.49
784.49
784.314
784.314
784.059
781.863
781.863
777.941
777.941
776.922
776.922
776.922
774.824
774.824
774.824
774.471
773.608
769.725
768.529
768.529
768.529
767.51
765.059
762.569
762
762
762
762
753.725
750.078
750.078
746.549
746.549
742.333
742.333
738.392
736.549
732.392
732.392
732.392
732.392
732.392
732.392
732.333
731.784
728.961
727.039
724.941
724.941
724.941
721.451
721.451
721.294
718.255
715.078
715.078
712.353
711.412
709.98
709.98
709.98
709.98
709.98
706.686
705.824
703.706
700.098
700.098
696.745
695.824
695.824
695.824
695.824
695.824
695.824
695.824
695.824
695.686
691.353
691.353
688.902
688.902
688.902
688.902
681.725
681.725
681.725
681.725
679.549
679.549
677.294
677.294
673.941
673.941
673.941
673.941
673.941
673.941
673.941
673.941
673.941
673.941
672.059
669.235
669.235
669.235
669.235
669.235
669.235
668.039
668.039
668.039
666.098
666.098
666.098
666.098
666.098
666.098
664.98
664.98
664.98
663.549
663.549
662.784
662.039
662.039
662.039
662.039
660.647
657.196
657.196
657.196
656.961
653.863
653.863
653.863
652.471
652.471
651.725
650.49
649.314
646.882
646.863
646.863
646.608
646.608
646.608
645.039
645.039
637.471
637.471
637.471
637.471
637.157
637.157
637.157
635.275
635
635
635
635
634.51
634.51
634.51
631.51
631.51
631.51
631.51
629.824
627.922
626.745
626.745
626.745
622.725
622.725
622.725
618.961
618.667
618.667
617.373
617.373
617.373
617.373
617.373
617
617
616.039
613.608
605.706
605.706
605.706
603.078
602.961
602.961
602.961
602.961
602.471
602.471
602.471
601.216
601.216
601.216
600.412
600.412
600.118
600.118
600.118
598.882
598.882
598.882
598.882
598.882
598.392
598.392
598.392
598.392
597.608
597.608
597.412
597.392
597.392
597.392
597.176
597.176
597.176
595.569
593.745
592.686
589.059
587.529
587.392
586.725
586.725
584.157
584.157
584.157
584.157
581.922
580.843
578.961
578.49
578.49
578.176
578.176
578.176
578
578
578
576.98
576.98
576.98
575.961
575.961
574.196
574.196
574.196
574.196
573.98
573.98
573.961
573.961
573.961
573.961
573.961
573.882
573.882
573.804
573.804
573.804
573.804
570.235
570.235
570.235
570.235
570.235
570.235
568.961
565.294
565.294
561.804
561.804
561.804
561.804
561.804
560.824
560.824
560.804
558.51
558.51
558.51
558.51
557.196
557.196
557.196
557.196
557.196
557.196
557.196
557.196
557.196
557.196
555.922
555.922
555.922
555.922
551.804
551.765
550
550
550
550
548
548
548
548
548
548
547.333
546.804
546.784
546.784
546.784
546.784
544.333
542.471
540.647
539.686
539.686
538.922
538.922
538.922
536.961
536.961
536.961
536.961
535.98
535.294
535.118
534.412
534.412
534.412
534.412
534.412
534.412
531.353
530.451
530.314
530.275
529.49
529.216
529.216
529.216
529.216
529.216
529.216
529.216
529.216
529.216
529.216
529.216
529.216
527.941
527.941
526.686
526.686
526.686
526.686
526.686
526.667
526.667
526.098
526.098
526.098
525.941
525.941
525.941
525.941
521.176
521.176
518.235
518.235
518.235
518.235
516.529
515.431
515.431
514.569
511.608
511.608
511.608
511.608
509.196
509.196
509.196
509.196
508.314
506.667
506.667
506.667
506.667
506.667
506.51
506.196
506.196
506.196
505.784
505.784
505.725
505.725
505.725
505.49
505.49
504.824
504.824
504.216
504.216
504.216
504.216
504.216
501.412
501.412
501.412
501.412
499.314
497.902
497.902
497.49
497.49
495.314
494.431
494.431
493.431
489.412
489.412
487.627
487.627
486.412
484.353
484.353
484.353
484.353
484.353
484.353
484.353
482.647
482.392
482.353
480.216
480.216
477.549
477.549
475.294
475.294
474.196
474.196
474.196
474.196
474.196
473
473
473
471.922
471.922
471.922
471.412
471.412
470.804
470.804
470.275
470.275
469.647
469.471
469.471
469.471
469.471
469.471
469.471
469.02
468.804
468.804
468.804
468.804
468.804
468.51
465.353
465.353
465.255
465.255
465.255
465.255
465
462.706
462.706
462.706
462.706
461.902
461.902
461.902
459.961
459.961
459.961
459.647
458.549
458.549
458.549
457.608
457.608
457.608
457.608
455.039
455.039
454.941
453.686
453.686
453.686
453.686
453.294
453.294
452
452
452
452
452
451.824
449.137
449.137
447.275
447.275
447.275
446.196
442.412
441.451
441.451
438.49
438.49
438.078
438.078
438.078
438.078
438.078
437.118
435.765
435.765
434
434
434
432.784
432.529
431.412
430.451
430.451
429.431
429.431
429.255
428.941
427
425.314
421.725
421.725
420.275
420.275
420.275
420.275
418.137
418.137
417.686
417.686
417.686
417.686
417.314
416.627
415.98
415.824
415.078
413.412
411.843
411.843
411.843
411.843
411.843
411.843
411.843
409.765
409.765
409.667
409.667
409.627
409.627
409.627
408.902
408.902
408.902
408.902
408.902
408.902
408.902
407.529
407.529
407.529
405.471
405.471
404.922
404.902
404.902
404.902
404.902
404.471
404.235
404.235
404.235
402.569
402.275
402.216
401.667
400.725
400.725
400.725
400.725
400.725
400.725
399.588
399.588
399.588
399.588
395.078
395.078
395.078
395.078
395.078
394.765
394.176
394.078
394.078
393.078
393.078
393.078
393.078
392.471
392.471
392.471
392.471
392.471
391.137
391
389.588
388.255
388.255
388.255
388.039
385.49
385.49
385.49
385.49
385.49
385.49
385.353
382.961
380.667
380.667
379.588
379.588
379.588
379.588
379.588
379.588
379.588
379.588
379.431
379.02
378.765
378.765
378.118
376.961
375.745
374.294
373.627
373.569
370.863
368.51
368.02
368.02
367.471
367.471
363.02
362.216
362.216
362.216
361.529
361.529
361.529
361.529
361.529
361.529
361.529
361.529
361.529
361.529
361.529
361.529
361.529
361.529
361.529
361.529
361.529
361.529
361.294
360.333
360.333
360.333
359.608
359.608
359.039
359.039
358.255
358.157
358.157
358.157
358.157
358.157
358.157
358.157
358.157
358.157
358.137
358.137
358.137
358.137
358.137
357.765
353.353
352.98
351.706
351.529
351.529
351.529
351.216
351.216
350.706
350.706
350.706
350.667
350.667
347.667
347.667
347
347
346.314
346.314
345.804
345.804
345.804
343.118
343.118
343.039
343.039
342.784
342.784
338.745
338.745
337.98
337.98
337.98
337.98
337.98
337.863
337.863
335.745
335.745
335.745
335.745
335.745
335.745
334.627
334.627
332.529
332.118
332.118
331.294
331.294
331.098
331.098
331.098
331.098
331.059
331.059
330.725
330.667
330.667
329.529
329.176
329.176
329.176
329.176
328.392
328.392
327.667
327.392
327.392
327.392
327.392
327.392
326.569
326.569
326.569
326.078
326.078
325.961
325.961
325.961
325.961
325.961
325.961
325.961
324.824
324.824
324.824
324.824
323.667
323.667
323.353
321.549
321.549
321.549
321.451
321.353
321.059
318.941
316.902
316.902
316.843
314.569
314.51
312.314
311.863
311.863
310.216
310.216
309.941
307.824
305.176
304.02
302.863
302.235
302.235
302.235
301.373
301.373
301.373
300.843
300.569
300.569
298.235
298.235
298.039
297.824
297.824
297.824
296.686
296.098
296.098
296.098
296.098
296.098
295.941
295.745
295.745
295.745
295.745
295.745
295.745
295.745
295.176
295.176
295.176
295.176
295.176
294.451
293.098
291.706
291.706
291.706
291.706
291.706
291.706
290.745
290.745
290.745
290.745
290.745
287.078
287.078
287.078
287.078
284.843
284.843
284.706
284.706
284.706
284.706
284.706
284.137
284.137
284.137
284.137
284.137
284.137
284.137
284.137
284.137
284
284
284
284
282.98
282.98
282.98
282.98
282.98
282.98
282.608
282.608
282.608
282.608
282.608
282.608
282.608
282.608
281.941
281.608
281.216
281.216
280.98
279.961
279.863
279.863
279.608
279.608
278.529
277.118
276.647
276.647
276.647
276.647
276.647
276.647
276.647
276.51
276.51
276.51
276.49
276.373
276.373
276.373
276.373
275.765
275.137
275.137
275.137
275.137
274.431
271.098
270.961
270.961
270.784
270.706
270.706
270.706
269.627
269.137
269.137
269.137
267.275
266.98
266.98
266.98
266.353
266.353
266.353
265.451
265.451
264.314
264.314
264.314
264.157
264.157
264.157
264.157
264.157
264.157
264.157
264.157
263.137
263.137
263.059
263.059
262.294
262.157
262.157
261.765
261.765
261.765
261.765
261.765
261.765
261.765
261.765
261.706
261.255
260.706
259.373
259.373
259.373
259.373
259.373
259.373
259.373
259.373
259.373
259.373
258.843
258.824
258.824
258.824
258.804
257.333
257.333
257.333
257.333
257.235
256.745
256.745
256.745
256.02
256.02
256.02
255.314
255.314
254.059
253.882
253.882
253.882
253.882
253.686
253.176
249.686
249.686
249.686
249.686
249.078
248.431
248.333
247.745
247.745
247.294
246.157
246.118
246.118
246.118
246.118
246
245.765
245.765
245.196
245.196
244.961
244.961
244.314
244.314
244.137
244.137
244.098
244.098
244.098
243.216
243.216
242.647
242.647
242.647
242.49
242.49
241.667
241.667
241.667
241.275
241.275
241.275
241.275
241.275
241.275
240.51
240.51
239.882
239.882
239.882
239.706
239.647
239.647
239.647
239.647
239.49
239.373
239.373
239.373
239.373
238.373
238.157
238.157
238.157
237.588
237.275
237.275
237.275
237.275
237.275
237.275
237.275
237.275
237.275
236.235
235.902
235.627
235.627
234.196
234.196
233.373
233.196
231.706
231.275
229.804
229.569
228.843
228.745
227.98
227.98
227.98
227.98
227.98
227.725
227.353
227.353
227.353
227.353
227.353
226.902
226.725
226.725
226.725
226.725
225.804
225.392
224.627
224.627
224.627
224.176
224.176
222.686
222.686
222.569
222.078
222.078
222.078
221.725
220.706
219.039
219.039
219.039
218.098
217.255
217.255
217.255
217.255
217.255
217.255
216.255
216.255
216.137
216.137
216.137
215.373
215.373
215.294
215.294
215.02
215.02
215.02
215.02
215.02
215.02
214.902
214.902
214.451
214.157
214.157
214.157
214.157
214.157
214.157
214.157
214.157
211.608
211.608
211.608
211.608
211.216
211.216
211.216
211.216
211.216
210.51
210.078
209.882
209.882
209.373
209.373
209.373
209.373
209.373
209.275
209.275
209.275
208
208
208
208
207.941
205.51
205.51
204.922
204.922
204.922
203.725
203.725
203.725
203.725
203.725
203.686
203.412
203.412
203.412
202.196
201.765
201.471
200.824
200.824
199.804
199.176
198.451
198.451
198.451
198.451
198.451
198.451
198.451
198.412
197.922
197.922
197.922
197.922
197.843
196.588
196.588
196.294
196.02
196.02
196.02
195.627
194.863
194.118
193.157
192.98
192.98
192.98
192.98
192.98
192.98
192.98
192.98
192.98
192.961
192.961
192.941
192.941
192.451
192.275
192.275
192.275
192.275
192.275
192.255
192.196
192.196
190.98
190.98
190.49
190.49
190.49
190.333
190.333
189.745
188.784
188.784
188.784
188.784
188.784
188.059
188.059
188.059
187.941
187.941
187.882
187.882
187.294
187.294
186.686
186.529
186.157
186.157
186.157
186.098
186.098
186.098
186.098
186.098
186.098
186.02
186.02
185.196
185.196
185.196
184.569
184.569
184.569
184.412
184.412
183.784
183.784
183.784
183.647
183.294
183.216
182.98
181.961
181.745
181.647
181.059
181.059
179.941
179.941
179.941
179.863
179.863
179.863
179.863
179.863
179.137
179.137
179.137
178.667
178.667
178.627
178.627
178.608
178.196
178.059
177.98
177.843
177.824
177.824
177.275
177.275
175.627
175.627
174.608
174.608
174.608
174.588
173.882
173.882
173.882
173.882
172.961
172.961
172.961
172.392
171.804
171.765
171.765
171.667
171.667
171.667
171.392
171.392
171.392
171.314
170.588
170.412
170.02
170.02
169.98
169.98
169.294
169.294
169.294
168.902
168.902
168.529
168.529
168.529
168.529
168.373
168.373
168.373
168.373
168.137
168.137
168.137
168.059
167.392
167.392
167.353
166.627
166.314
166.314
166.314
165.745
164.706
163.549
163.549
163.294
163.294
163.059
163.059
163.059
162.039
161.549
161.549
161.549
161.353
160.51
160.51
160.51
160.451
159.588
159.196
159.196
159.196
158.941
158.941
158.51
158.392
158.392
158.392
158.392
158.392
157.882
157.882
157.49
157.49
156.216
156.157
155.804
155.392
155.392
155.392
155.294
155.294
155.294
155.294
154.588
154.588
154
154
154
154
154
154
154
154
154
154
153.941
153.471
153.471
153.471
153.471
153.471
153.471
153.373
153.373
153.373
153.373
152.922
152.922
152.922
152.922
152.373
152.314
152.314
152.059
152.059
151.216
150.922
150.922
150.49
149.941
149.941
149.941
149.843
149.843
149.549
149.549
149.549
149.549
149.549
149.549
149.549
149.549
149.118
148.49
148.353
148.353
147.725
147.725
147.725
147.725
147.725
147.471
147.471
147.471
147.392
147.275
147.275
146.529
145.98
145
145
145
145
145
144.118
144.118
143.922
143.922
143.922
143.745
143.647
143.647
143.647
142.471
142.471
142.471
142.471
142.471
141.667
141.353
140.941
140.941
140.922
140.627
139.686
139.686
139.686
139.608
139.608
139.275
139.275
139.275
138.078
138.078
138.078
137.922
137.922
137.49
137.039
137.039
137.039
136.686
136.686
136.686
136.686
136.686
136.686
136.686
136.686
136.078
136.078
136.078
136.078
136.078
136.078
135.588
133.843
133.843
133.843
133.843
133.843
133.843
133.843
133.078
133.078
132.294
132.294
132.294
132.294
131.961
131.961
131.961
131.961
131.961
131.333
131.333
131.333
131.333
130.98
130.98
130.98
130.98
130.98
130.725
130.588
130.588
130.569
130.569
130.569
130.569
130.569
130.02
130.02
129.706
129.529
129.529
129.529
129.059
129.059
129.059
129.059
128.922
128.922
128.922
128.529
128.451
128.451
128.451
128.451
128.451
128.451
128.451
128.255
128.059
127.569
127.569
127.569
127.569
126.725
126.353
126.353
126.353
126.353
126.353
126.353
126.353
126.353
126.353
126.02
126.02
126.02
126.02
126.02
126.02
125.902
125.098
125.098
124.353
123.843
123.843
123.843
123.333
123.333
123.333
123.333
123.078
123.078
122.373
122.373
122.373
122.373
122.373
122.373
122.373
122.373
122.373
122.373
122.373
122.373
122.333
122.176
122.176
122.176
122.176
122.176
122.137
122.137
122.137
121.941
121.843
121.843
121.824
121.824
121.725
121.725
121.725
121.725
121
121
121
121
120.961
120.961
120.961
120.961
120.745
120.745
120.745
120.686
120.686
120.686
120.686
120.686
120.667
119.882
119.667
119.667
119.667
119.667
119.667
119.667
119.667
119.667
119.667
119.667
119.667
119.569
119.569
119.569
119.569
119.529
119.529
119.529
119.078
119.078
119.078
119.078
119.078
118.922
118.667
118.667
118.667
118.627
118.627
118.51
118.51
117.922
117.686
117.686
117.686
117.686
117.686
117.059
117.059
117.059
116.706
116.706
116.706
116.667
116.667
116.667
116.667
116.157
116.157
116.157
115.784
115.784
115.784
115.784
115.647
115.647
115.608
115.608
115.02
115.02
115.02
115.02
115.02
115.02
115.02
115.02
115.02
114.961
114.824
114.588
114.588
114.588
114.431
114.431
114.431
114.431
114.431
114.431
114.431
113.745
113.745
113.745
113.333
113.333
113.333
113.333
112.471
112.451
112.275
112.275
112.275
112.02
112.02
111.941
111.941
111.824
111.824
111.824
110.941
110.451
109.686
109.667
109.667
109.667
109.569
109.412
109.412
109.392
109.392
109.353
109.353
109
108.647
108.647
108.647
108.647
108.569
108.471
108
107.373
107.373
107.373
107.373
106.451
106.294
106.294
106.294
106.039
106.039
106.039
105.941
105.784
105.667
105.667
105.373
105.373
105.314
105.196
105.196
105.196
104.98
104.843
104.843
104.529
104.529
104.529
104.529
104.529
103.784
103.216
103.216
103.216
102.941
102.765
102.765
102.765
102.49
102.157
101.314
101.314
101.235
101.235
101.235
101.235
101.235
100.922
100.922
100.922
100.784
100.686
100.686
100.196
100.196
100.196
100.196
100.196
99.8431
99.8431
99.6667
99.3137
99.3137
99.3137
99.1961
99.1961
99.1961
99.1961
99.1961
99.1765
99.1765
99.1765
99.1765
99.1765
99.1765
99.1765
99.0196
98.451
97.7255
97.6863
96.9412
96.9412
96.9412
96.9412
96.9412
96.9412
96.9412
96.7451
96.7451
96.7451
96.7451
96.7451
96.7255
96.0784
95.9412
95.9412
95.9216
95.9216
95.9216
95.9216
95.451
94.8627
94.5098
94.3922
94.3922
94.3725
93.902
93.902
93.902
93.7843
93.7843
93.6078
93.6078
93.6078
93.6078
92.902
92.902
92.902
92.902
92.902
92.902
92.7255
92.0392
92.0392
92.0392
91.8824
91.8824
91.8824
91.8431
91.8431
91.4314
91.1961
91.1961
91.1961
91.1961
91.1961
91.1961
91.1961
91.1961
91.1569
90.7059
90.7059
90.1569
90.1569
90.1569
90.1569
89.9216
89.9216
89.7255
89.4902
89.4902
89.4902
89.4902
89.3137
89.1961
89.1373
89.1373
89.1373
89.1373
89.1373
89.098
89.098
89.0784
89.0784
89.0784
88.9804
88.5882
88.4314
88.3725
88.3725
88.3725
88.3725
88.3725
88.3725
88.3725
88.3725
88.3333
88.0392
87.902
87.902
87.7843
87.7843
87.5882
87.5882
86.5686
86.5686
86.549
86.1176
86.1176
86.1176
86.1176
86.1176
85.3725
85.2745
85.0392
85.0392
85.0392
85.0392
85.0196
84.9804
84.9804
84.7647
84.3333
84.1176
84.1176
84.1176
83.8431
83.8431
83.8431
83.8431
83.6078
83.3333
83.098
83.098
83.098
82.8235
82.7255
82.549
82.549
82.2745
82.2745
82.2745
82.2745
82.0392
82.0392
82.0392
82.0392
82.0392
82.0392
82.0392
82.0392
82.0392
82.0196
81.902
81.902
81.902
81.8039
81.7255
81.7255
81.7255
81.6863
81.2941
81.2353
81.2353
80.7451
80.7451
80.7451
80.7451
80.7451
80.7451
80.7451
80.4706
80.4706
80.4706
80.4706
80.3725
80.3725
80.3725
80.3529
80.1373
80.1373
80.1176
80.1176
79.9412
79.9412
79.9412
79.8039
79.8039
79.8039
79.3922
79.3922
79.3922
79.3922
79.3922
79.3922
79.3922
78.7059
78.3333
78.2745
78.2745
78
77.6863
77.2549
76.8627
76.8627
76.7059
76.451
76.451
76.451
76.3922
76.3922
76.3922
76.3922
76.3922
76
76
75.8627
75.2353
75.2353
75.2353
75.2353
74.7255
74.098
74.098
74.098
74.0392
73.9608
73.549
73.549
73.549
73.549
73.549
73.5098
73.5098
73.451
72.9608
72.6667
72.6667
72.6667
72.5098
72.5098
71.9804
71.4314
71.4314
71.4314
71.4314
71.4314
71.4314
70.9412
70.9412
70.9412
70.7255
70.7255
70.7255
70.6863
70.6863
70.6275
70.6275
70.5882
70.5882
70.5686
70.5686
70.5686
70.5686
70.3725
70.3725
70.098
69.8039
69.7647
69.7647
69.7647
69.7647
69.7647
69.6471
69.6471
69.6471
69.6471
69.6471
68.9804
68.9804
68.7647
68.4706
68.4706
68.4706
68.4706
68.4706
68.4706
68.4706
68.4706
68.4706
68.4706
68.4706
68.4706
68.451
68.451
68.451
68.451
68.451
67.8627
67.8627
67.6863
67
66.9608
66.8039
66.8039
66.8039
66.8039
66.8039
66.8039
66.8039
66.8039
66.8039
66.8039
66.7451
66.7451
66.7451
66.7451
66.5098
66.5098
66.2549
66.098
66.098
65.6863
65.6863
65.6863
65.6863
65.4118
65.4118
65.1961
65.1961
65.1961
65.1569
64.5294
64.5294
64.5294
64.5294
64.5294
64.5294
64.3725
64.3725
64.3725
64.2157
64.2157
64.2157
64.2157
64.1373
64.1373
64.1176
64.1176
64
63.9412
63.9412
63.9412
63.7843
63.7843
63.6863
63.6863
63.6863
63.6863
63.6863
63.6863
63.6863
63.6863
63.5294
63.5294
63.5294
63.5294
63.5294
63.5294
63.5294
62.8627
62.8039
62.8039
62.549
62.549
62.549
62.549
62.549
62.549
62.549
62.549
62.549
62.549
62.549
62.549
62.4902
62.4902
62.4902
62.2941
62.2941
62.2941
62.2941
62.2941
62.2941
62.2941
62.2941
62.2157
61.9804
61.5882
61.5882
61.549
61.3137
60.9412
60.902
60.8627
60.8627
60.8235
60.7843
60.7843
60.7255
60.6667
60.6275
60.6275
60.6275
60.6275
60.3725
60.3725
60.3725
59.9608
59.7451
59.7451
59.7451
59.5882
59.5882
59.5882
59.5882
59.549
59.549
59.3333
58.7843
58.7843
58.7843
58.7647
58.7647
58.7647
58.7647
58.0588
58.0588
57.8627
57.8627
57.8627
57.8235
57.8235
57.6863
57.6863
57.2941
57.2157
56.8627
56.6667
56.6667
56.6667
56.5882
56.5882
56.5882
56.5882
56.549
56.4902
56.4902
56.4902
56.2353
56.1569
56.1569
56.0784
56.0784
55.9216
55.9216
55.8824
55.8824
55.8824
55.8824
55.8824
55.7451
55.7451
55.7451
55.6667
55.2745
55.2745
55.2745
55.2745
55.2745
55.2549
55.2549
55.2549
55.2549
55.2549
55.2549
55.2549
55.2353
55.2353
55.2353
55.2353
55.2353
55.2353
55.1176
55.1176
55.0392
55.0392
54.8627
54.7255
54.7255
54.7255
54.7255
54.7255
54.7255
54.6078
54.4314
54.4314
54.4314
54.2941
54.2941
54.2941
54.2941
54.2157
54.2157
54.2157
54.2157
54.2157
54.2157
53.9216
53.8431
53.8431
53.8235
53.549
53.549
53.549
53.5294
53.4902
53.4902
53.4902
53.2549
53.2549
53.2549
53.2549
53.2549
53.2549
53.2549
53
52.7059
52.3529
52.098
52.098
52.098
51.8039
51.7255
51.7255
51.6863
51.6863
51.6667
51.6667
51.6471
51.6471
51.6471
51.4902
51.451
51.451
51.451
51.451
51.451
51.3922
51.3922
51.1765
51.1765
51.1765
51.1765
51.1765
51.1765
51.1765
51
50.902
50.902
50.902
50.902
50.902
50.902
50.6863
50.6275
50.6275
50.6275
50.2549
50.2549
50.2549
50.2549
50.1373
50.1373
50.0588
50.0588
50.0588
50
49.9216
49.9216
49.9216
49.9216
49.9216
49.8627
49.8627
49.8627
49.8627
49.7843
49.7647
49.7647
49.5882
49.5882
49.5882
49.5294
49.5294
49.5294
49.5294
49.3725
49.3725
49.3725
49.3725
49.3725
49.3725
49.3725
49.3725
49.3333
49.3333
49.3137
49.3137
49.2157
49.2157
49.1569
49.1569
49.1569
49.1373
48.9608
48.9608
48.9608
48.9608
48.9216
48.8431
48.8431
48.8431
48.8235
48.7451
48.7451
48.6863
48.6275
48.6275
48.5098
48.4706
48.3725
48.3725
48.3725
48.2353
48.2353
48.0784
47.902
47.902
47.902
47.902
47.902
47.7451
47.6667
47.5686
47.5686
47.5686
47.549
47.549
47.549
47.549
47.4902
47.4902
47.4902
47.3725
47.3725
47.3725
47.3529
47.3529
47.3529
47.3529
47.3529
47.3529
47.3529
46.8039
46.8039
46.8039
46.8039
46.8039
46.549
46.549
46.549
46.549
46.549
46.4902
46.4902
46.4902
46.4902
46.4314
46.4314
46.4314
46.4314
46.4118
46.4118
46.4118
46.3333
46.3333
46.1373
46.1373
46.1373
46.1373
46.1373
46.0784
45.902
45.902
45.902
45.902
45.8039
45.8039
45.8039
45.7255
45.7255
45.7255
45.549
45.4902
45.4118
45.4118
45.4118
45.1765
45.1765
45.1765
45.1373
45.1373
45.1373
45.1373
45.098
44.8235
44.8235
44.8235
44.7059
44.7059
44.7059
44.6078
44.549
44.5294
44.5294
44.4706
44.4706
44.0784
43.902
43.902
43.902
43.902
43.902
43.902
43.7451
43.5098
43.098
43.098
43.098
42.9804
42.9412
42.902
42.7647
42.7255
42.7255
42.4314
42.4314
42.3922
42.3922
42.3922
42.2353
42.2353
42.2353
42.2353
42.2353
42.2353
42.2353
42.1961
42.1961
42.098
42.0588
42.0588
42.0588
42.0588
42.0588
42.0588
42.0392
42.0392
42.0392
42.0392
42.0392
41.9608
41.9608
41.9608
41.9608
41.8824
41.8824
41.7059
41.7059
41.7059
41.7059
41.7059
41.7059
41.7059
41.6078
41.6078
41.6078
41.6078
41.6078
41.549
41.5294
41.5294
41.5294
41.5294
41.5294
41.5294
41.5294
41.3529
41.3529
41.3529
41.3529
41.2941
41.2941
41.2941
41.2745
41.2745
41.2745
41.2745
41.2745
41.2745
41.1569
41.1569
41.1569
41.1569
41.098
41
40.6863
40.6863
40.6863
40.4118
40.3333
40.3333
40.3333
40.3333
40.3333
40.3333
40.3137
40.2941
40.2941
40.2941
40.1373
40.1176
40.0588
40.0588
40.0588
40.0588
40.0588
40.0588
40.0588
40.0588
40.0588
40.0392
40.0392
40.0392
40.0392
40.0196
39.4902
39.4902
39.4902
39.4902
39.2941
39.2941
39.2941
39.2941
39.2941
39.2941
39.2941
39.2941
39.2549
39.2549
39.2549
39.2549
39.1765
39.098
39.0784
39.0784
39.0784
39.0784
39.0784
39.0784
39.0784
39.0784
39.0784
39.0784
39.0784
39.0784
39.0784
38.8235
38.8235
38.7255
38.7255
38.7255
38.7255
38.7255
38.7255
38.3725
38.3725
38.3725
38.3529
38.2941
38.2745
38.2353
38.2353
38.2353
38.1569
38.1569
38.1176
38.1176
38.1176
38
38
37.9608
37.7059
37.6471
37.6471
37.6471
37.6471
37.5686
37.549
37.5294
37.4314
37.3922
37.3922
37.2745
37.1373
37.0588
37.0588
37.0588
37.0196
36.9216
36.9216
36.9216
36.9216
36.9216
36.9216
36.9216
36.9216
36.8431
36.7059
36.7059
36.5882
36.5686
36.5686
36.5686
36.5686
36.2745
36.2157
36.0588
35.8235
35.7255
35.5098
35.4118
35.3922
35.3922
35.3529
35.3529
35.3529
35.3529
35.3529
35.3529
35.0784
34.9608
34.9608
34.9608
34.9608
34.9608
34.9608
34.9216
34.9216
34.9216
34.9216
34.9216
34.9216
34.9216
34.8824
34.8824
34.8824
34.8824
34.8824
34.8824
34.8824
34.8824
34.8824
34.8824
34.8824
34.8824
34.8824
34.8824
34.8824
34.7843
34.7843
34.7843
34.6863
34.6863
34.5882
34.5882
34.5882
34.5882
34.5882
34.5686
34.2745
33.8039
33.7647
33.7647
33.6275
33.6078
33.451
33.451
33.3333
33.3333
33.3333
33.3333
33.2745
33.2745
33.2745
33.2745
32.9216
32.7843
32.7843
32.7843
32.7647
32.6863
32.5882
32.5686
32.5294
32.3922
32.3725
32.3725
32.3725
32.3725
32.098
32.098
32.098
32.098
31.8627
31.8627
31.5882
31.5882
31.5882
31.5882
31.5882
31.549
31.549
31.549
31.549
31.451
31.451
31.451
31.451
31.451
31.451
31.3922
31.3922
31.3922
31.3922
31.3333
31.3333
31.2745
31.2745
31.2353
31.2353
31.2353
31.2353
31.2353
31.2157
31.1373
31.1373
31.1373
31.1373
31.1373
31.1373
31.098
31
30.9608
30.9608
30.9608
30.9608
30.9608
30.9216
30.9216
30.8627
30.8627
30.8039
30.6078
30.4706
30.4706
30.4706
30.4706
30.451
30.4118
30.4118
30.3922
30.3922
30.3922
30.3922
30.3922
30.3529
30.3529
30.2549
30.2549
30.2549
30.1373
30.1373
29.9608
29.8235
29.7843
29.6863
29.6275
29.6275
29.6078
29.5882
29.5882
29.549
29.549
29.549
29.549
29.549
29.549
29.549
29.4314
29.3725
29.3725
29.3333
29.3333
29.2157
29.098
29.098
28.8824
28.8824
28.7451
28.7451
28.7451
28.7451
28.7451
28.6471
28.6471
28.6471
28.5882
28.5882
28.5882
28.5882
28.5882
28.5882
28.549
28.549
28.549
28.549
28.2549
28.2549
28.2549
28.2549
28.2549
28.2549
28.1765
28.1765
28.1765
28.1765
28.098
28.098
28.098
28.098
28.098
28.098
28.098
27.7059
27.6667
27.6667
27.6667
27.6667
27.6667
27.6667
27.6667
27.6667
27.6667
27.6667
27.6667
27.6667
27.6667
27.6667
27.6667
27.6667
27.6667
27.6667
27.5686
27.5686
27.5686
27.5686
27.549
27.549
27.549
27.549
27.549
27.5294
27.5294
27.5294
27.4706
27.451
27.451
27.3333
27.098
26.9608
26.9608
26.902
26.902
26.8824
26.7451
26.4314
26.4314
26.4314
26.4314
26.4314
26.4314
26.2941
26.2941
26.2549
26.2549
26.2549
26.2549
26.2549
26.1765
26.1765
26.0784
25.9216
25.6667
25.5294
25.5294
25.5294
25.5294
25.5294
25.4902
25.4902
25.4902
25.4902
25.4902
25.4902
25.4902
25.2157
25.2157
25.1765
25.0392
25.0392
25
24.9804
24.9804
24.9804
24.9804
24.9804
24.9804
24.9804
24.9804
24.9804
24.9804
24.9804
24.9216
24.9216
24.9216
24.9216
24.9216
24.9216
24.902
24.902
24.902
24.902
24.902
24.902
24.902
24.902
24.902
24.902
24.902
24.902
24.902
24.902
24.902
24.8039
24.8039
24.7647
24.7647
24.7647
24.7255
24.7255
24.7255
24.7255
24.7255
24.6078
24.6078
24.6078
24.6078
24.6078
24.5294
24.4902
24.4706
24.3725
24.3725
24.3137
24.2745
24.2353
24.2157
24.1961
24.1961
24.1961
24.1765
24.1765
24.0196
24.0196
23.9216
23.8235
23.8235
23.8235
23.8235
23.8039
23.8039
23.8039
23.8039
23.8039
23.7647
23.6863
23.6863
23.6078
23.6078
23.6078
23.5686
23.5686
23.5686
23.5686
23.5098
23.4314
23.4314
23.4314
23.3922
23.3922
23.2549
23.2549
23.2549
23.2549
23.2549
23.2353
23.2353
23.2353
23.2353
23.1765
23.1765
23.1176
23.1176
23.1176
23.1176
23.1176
23.0392
23.0392
23.0392
23.0392
23.0392
23.0392
23.0196
23.0196
23.0196
23.0196
23.0196
23.0196
23.0196
23.0196
23.0196
22.8824
22.8824
22.8431
22.7059
22.7059
22.6667
22.6275
22.6275
22.6275
22.6275
22.6275
22.5686
22.5686
22.5686
22.5686
22.5686
22.5686
22.5294
22.5294
22.5294
22.5294
22.5294
22.5294
22.5294
22.4902
22.4902
22.4902
22.4902
22.3333
22.1765
22.1765
22.1765
22.0392
21.9412
21.9412
21.9412
21.9412
21.9412
21.8824
21.8824
21.8235
21.8235
21.8039
21.8039
21.7843
21.6275
21.6275
21.6275
21.6078
21.4706
21.4706
21.3922
21.3922
21.3922
21.3529
21.3137
21.3137
21.2941
21.2941
21.2745
21.2549
21.098
21
20.9608
20.9608
20.9216
20.9216
20.9216
20.9216
20.8824
20.8627
20.8627
20.8627
20.7451
20.6275
20.6078
20.6078
20.6078
20.6078
20.6078
20.5882
20.549
20.549
20.549
20.549
20.549
20.549
20.549
20.549
20.549
20.549
20.5294
20.5294
20.5294
20.4902
20.451
20.451
20.451
20.451
20.451
20.451
20.451
20.451
20.451
20.3922
20.3922
20.3922
20.3922
20.3922
20.3333
20.3333
20.3333
20.3333
20.3137
20.3137
20.3137
20.3137
20.2157
20.2157
20.2157
20.2157
20.2157
20.2157
20.2157
20.2157
20.2157
20.1961
20.1765
20.1765
20.1765
20.1373
20.1373
20.1373
20.1373
20.0588
20.0588
20.0588
20.0588
20.0196
20.0196
20.0196
20
20
19.9804
19.8431
19.7059
19.7059
19.6667
19.6667
19.6667
19.6471
19.5882
19.5882
19.5882
19.5882
19.549
19.549
19.549
19.549
19.549
19.5294
19.3137
19.3137
19.2549
19.2549
19.2353
19.2353
19.1765
19.1765
19.1765
19.1569
19.1569
19.1569
19.1569
19.1569
19.1176
19.1176
19.1176
19.1176
19.1176
19.0588
19.0588
19.0588
19.0588
19.0392
19.0392
19.0392
19.0392
19.0392
19.0392
19.0392
19
19
19
18.9608
18.9412
18.9412
18.9412
18.9412
18.9412
18.9412
18.902
18.902
18.902
18.8824
18.8235
18.8235
18.8039
18.7843
18.7843
18.6863
18.6863
18.6863
18.6078
18.6078
18.6078
18.5882
18.5882
18.5882
18.5686
18.5686
18.5686
18.5686
18.3725
18.3137
18.3137
18.2941
18.2941
18.2941
18.2353
18.2353
18.2157
18.2157
18.2157
18.1176
18.1176
18.1176
18.1176
18.0392
18.0392
18.0392
18
18
18
17.9608
17.9608
17.9608
17.8235
17.8235
17.8235
17.7647
17.7647
17.7647
17.7647
17.7647
17.7647
17.7647
17.7255
17.7059
17.7059
17.7059
17.6667
17.6471
17.6471
17.6471
17.5882
17.5294
17.5294
17.5294
17.5294
17.4902
17.4902
17.4902
17.4902
17.4902
17.4902
17.3922
17.3529
17.3529
17.3529
17.3529
17.3529
17.3529
17.3529
17.2353
17.2353
17.2353
17.1569
17.1569
17.1569
17.1569
17.098
17.098
17.098
17.0588
17.0588
17.0588
17.0588
17.0588
16.9608
16.8235
16.8235
16.8235
16.8235
16.8235
16.7843
16.7843
16.7843
16.7843
16.7843
16.7255
16.7255
16.7255
16.7255
16.7255
16.7255
16.6863
16.6863
16.6863
16.6471
16.6471
16.6471
16.6471
16.6275
16.6275
16.6275
16.6275
16.6275
16.6275
16.6275
16.6275
16.6275
16.549
16.549
16.5098
16.5098
16.4118
16.3333
16.3333
16.3333
16.3333
16.2353
16.2353
16.2353
16.1961
16.1569
16.1569
16.1176
16.098
16.098
16.0784
16.0784
16.0784
16.0784
16.0784
16.0196
16
15.9804
15.9804
15.9804
15.9804
15.9804
15.9804
15.9804
15.9804
15.9804
15.9804
15.8235
15.7059
15.6667
15.6667
15.6667
15.6667
15.6471
15.6471
15.6078
15.4706
15.4706
15.4706
15.4706
15.4706
15.4706
15.4706
15.4706
15.4706
15.4706
15.4314
15.4314
15.4314
15.4314
15.4314
15.4314
15.4314
15.4314
15.4314
15.4314
15.4314
15.4314
15.4314
15.3725
15.2941
15.2353
15.2353
15.2353
15.1961
15.1961
15.1961
15.1961
15.1961
15.1961
15.1961
15.1961
15.1569
15.1569
15.1569
15.1569
15.1569
15.1569
15.1569
15.1373
15.1373
15.1373
15.1373
15.1373
15.1373
15.0784
15.0784
15.0784
15.0784
15.0784
15.0784
15.0784
15.0784
15.0784
15.0784
15.0784
15.0196
14.902
14.8627
14.8627
14.8627
14.8627
14.8431
14.8431
14.8431
14.8039
14.8039
14.8039
14.8039
14.7451
14.7451
14.7451
14.7451
14.7451
14.7059
14.7059
14.7059
14.7059
14.6863
14.5882
14.5882
14.5882
14.5882
14.5882
14.5882
14.5882
14.5882
14.5098
14.5098
14.4902
14.4902
14.4902
14.4902
14.4902
14.4902
14.4706
14.4118
14.4118
14.4118
14.4118
14.4118
14.4118
14.4118
14.3922
14.3725
14.3725
14.3529
14.3529
14.3529
14.3529
14.3529
14.3529
14.3529
14.3529
14.2745
14.2745
14.2745
14.2745
14.2745
14.1961
14.1176
14.0392
14.0392
14.0392
14.0392
14.0392
14.0392
14.0392
14.0392
13.9608
13.9216
13.9216
13.9216
13.9216
13.8431
13.8431
13.8431
13.8235
13.8235
13.8235
13.8039
13.8039
13.7843
13.7451
13.7451
13.7451
13.7451
13.7451
13.7451
13.7451
13.7451
13.7059
13.7059
13.7059
13.7059
13.7059
13.7059
13.7059
13.4706
13.451
13.4118
13.4118
13.4118
13.4118
13.3922
13.3333
13.3333
13.3137
13.2941
13.2941
13.2745
13.2745
13.2549
13.2549
13.2353
13.2353
13.2353
13.2353
13.2353
13.2353
13.1961
13.1569
13.1569
13.1176
13.0784
13.0784
13.0588
13.0196
13.0196
13.0196
13.0196
13.0196
13
12.9804
12.9804
12.9804
12.9804
12.9804
12.9804
12.9804
12.9804
12.9804
12.9608
12.9608
12.9412
12.9412
12.9412
12.9412
12.9412
12.9412
12.9412
12.9412
12.9412
12.9412
12.9412
12.9216
12.9216
12.902
12.902
12.902
12.8824
12.8824
12.7843
12.7451
12.7255
12.7255
12.7255
12.7255
12.7255
12.7255
12.7059
12.7059
12.7059
12.7059
12.7059
12.7059
12.7059
12.7059
12.7059
12.7059
12.7059
12.6275
12.6275
12.6078
12.6078
12.6078
12.6078
12.6078
12.6078
12.6078
12.6078
12.6078
12.5882
12.5686
12.5686
12.4706
12.4706
12.4706
12.4706
12.4706
12.4706
12.451
12.451
12.451
12.451
12.451
12.3922
12.3529
12.2549
12.1569
12.0784
12.0784
12.0588
12.0588
12.0588
12.0588
12.0588
12.0588
12.0588
12.0588
12.0588
12
11.8627
11.8627
11.8627
11.8431
11.8431
11.7843
11.7647
11.7647
11.7647
11.7647
11.7647
11.7255
11.7059
11.6667
11.6275
11.6275
11.6275
11.6275
11.5882
11.5882
11.5882
11.5882
11.5098
11.5098
11.5098
11.5098
11.5098
11.5098
11.5098
11.5098
11.5098
11.5098
11.4902
11.4902
11.451
11.451
11.3922
11.3922
11.3333
11.3333
11.3333
11.3333
11.3333
11.3333
11.3333
11.3333
11.3333
11.2549
11.2549
11.2549
11.2549
11.2353
11.2353
11.2353
11.2353
11.2157
11.2157
11.2157
11.2157
11.2157
11.2157
11.2157
11.1765
11.1765
11.1765
11.1765
11.1765
11.1373
11.1373
11.098
11.098
11.098
11.098
11.0784
11.0784
11.0784
11.0392
11.0392
11.0392
11.0392
11.0392
11.0392
11
10.9216
10.9216
10.9216
10.9216
10.9216
10.9216
10.9216
10.9216
10.9216
10.9216
10.9216
10.9216
10.8627
10.8627
10.8627
10.8627
10.8627
10.8627
10.8627
10.8627
10.8627
10.8627
10.8627
10.8627
10.8627
10.8235
10.8235
10.7843
10.7843
10.7843
10.7647
10.7647
10.7647
10.7647
10.7647
10.7647
10.7647
10.7647
10.7647
10.7451
10.7451
10.7451
10.7255
10.7255
10.7255
10.7059
10.6471
10.6471
10.6471
10.6471
10.5882
10.5686
10.5686
10.5686
10.5686
10.5686
10.549
10.549
10.549
10.549
10.5098
10.5098
10.5098
10.5098
10.4902
10.4706
10.4706
10.4118
10.4118
10.4118
10.3922
10.3922
10.3725
10.3725
10.3529
10.3333
10.3333
10.3333
10.3333
10.3137
10.3137
10.3137
10.3137
10.3137
10.2941
10.2941
10.2941
10.2941
10.2941
10.2745
10.2745
10.2745
10.2549
10.2353
10.2353
10.2353
10.2353
10.1961
10.1961
10.1961
10.1569
10.1373
10.1176
10.098
10.0196
10.0196
9.96078
9.96078
9.92157
9.92157
9.92157
9.92157
9.92157
9.92157
9.84314
9.84314
9.84314
9.84314
9.84314
9.84314
9.84314
9.84314
9.80392
9.80392
9.80392
9.80392
9.80392
9.78431
9.78431
9.78431
9.78431
9.68627
9.68627
9.68627
9.64706
9.64706
9.64706
9.58824
9.5098
9.5098
9.5098
9.4902
9.4902
9.4902
9.4902
9.47059
9.47059
9.47059
9.47059
9.47059
9.47059
9.47059
9.47059
9.47059
9.45098
9.45098
9.43137
9.43137
9.43137
9.43137
9.43137
9.43137
9.43137
9.43137
9.43137
9.43137
9.43137
9.43137
9.43137
9.43137
9.43137
9.43137
9.43137
9.43137
9.43137
9.43137
9.43137
9.43137
9.43137
9.43137
9.43137
9.43137
9.43137
9.43137
9.43137
9.43137
9.41176
9.37255
9.37255
9.37255
9.37255
9.37255
9.37255
9.37255
9.37255
9.37255
9.35294
9.35294
9.35294
9.35294
9.35294
9.35294
9.35294
9.35294
9.33333
9.33333
9.33333
9.33333
9.33333
9.33333
9.33333
9.31373
9.31373
9.31373
9.31373
9.31373
9.31373
9.29412
9.29412
9.29412
9.29412
9.29412
9.27451
9.27451
9.27451
9.27451
9.27451
9.21569
9.19608
9.15686
9.15686
9.13725
9.13725
9.13725
9.13725
9.13725
9.13725
9.13725
9.13725
9.13725
9.13725
9.13725
9.13725
9.13725
9.13725
9.13725
9.13725
9.13725
9.11765
9.05882
9.05882
9.05882
9.05882
9.05882
9.05882
9.01961
9.01961
9.01961
8.94118
8.94118
8.92157
8.84314
8.84314
8.84314
8.82353
8.82353
8.82353
8.82353
8.82353
8.82353
8.82353
8.82353
8.82353
8.82353
8.82353
8.82353
8.82353
8.80392
8.78431
8.78431
8.76471
8.76471
8.76471
8.76471
8.76471
8.76471
8.7451
8.68627
8.68627
8.68627
8.66667
8.62745
8.62745
8.54902
8.54902
8.54902
8.54902
8.54902
8.52941
8.5098
8.5098
8.5098
8.5098
8.5098
8.5098
8.4902
8.4902
8.4902
8.4902
8.4902
8.4902
8.45098
8.45098
8.41176
8.39216
8.39216
8.37255
8.37255
8.37255
8.37255
8.37255
8.37255
8.35294
8.35294
8.33333
8.33333
8.2549
8.2549
8.2549
8.2549
8.2549
8.2549
8.2549
8.23529
8.23529
8.23529
8.23529
8.23529
8.23529
8.17647
8.17647
8.15686
8.15686
8.15686
8.15686
8.15686
8.15686
8.15686
8.15686
8.13725
8.13725
8.13725
8.11765
8.09804
8.09804
8.09804
8.09804
8.09804
8.09804
8.09804
8.09804
8.09804
8.09804
8.09804
8.09804
8.09804
8.09804
8.09804
8.09804
8.09804
8.09804
8.09804
8.09804
8.09804
8.09804
8.09804
8.07843
8.07843
8.07843
8.07843
8.07843
8.07843
8.07843
8.07843
8.07843
8.07843
8.05882
8.03922
8.03922
8.03922
8.03922
8.01961
8.01961
7.98039
7.98039
7.98039
7.94118
7.94118
7.86275
7.86275
7.82353
7.80392
7.80392
7.78431
7.78431
7.78431
7.78431
7.78431
7.7451
7.7451
7.7451
7.7451
7.7451
7.7451
7.7451
7.7451
7.70588
7.70588
7.66667
7.66667
7.66667
7.66667
7.64706
7.64706
7.64706
7.64706
7.64706
7.64706
7.64706
7.60784
7.60784
7.60784
7.58824
7.58824
7.58824
7.58824
7.58824
7.52941
7.52941
7.47059
7.47059
7.47059
7.45098
7.45098
7.45098
7.45098
7.45098
7.45098
7.45098
7.45098
7.41176
7.41176
7.41176
7.41176
7.41176
7.41176
7.41176
7.41176
7.37255
7.37255
7.37255
7.35294
7.35294
7.35294
7.33333
7.33333
7.33333
7.33333
7.33333
7.33333
7.33333
7.29412
7.27451
7.27451
7.27451
7.2549
7.2549
7.2549
7.2549
7.2549
7.23529
7.21569
7.21569
7.21569
7.21569
7.21569
7.21569
7.17647
7.17647
7.17647
7.17647
7.15686
7.15686
7.13725
7.13725
7.11765
7.11765
7.07843
7.07843
7.05882
7.01961
7
7
7
7
7
7
7
7
7
7
7
7
7
7
6.98039
6.98039
6.98039
6.98039
6.94118
6.94118
6.94118
6.90196
6.90196
6.90196
6.90196
6.90196
6.90196
6.88235
6.88235
6.88235
6.88235
6.88235
6.88235
6.88235
6.86275
6.86275
6.86275
6.86275
6.80392
6.78431
6.78431
6.78431
6.78431
6.76471
6.76471
6.76471
6.76471
6.76471
6.7451
6.7451
6.72549
6.72549
6.72549
6.72549
6.66667
6.66667
6.66667
6.66667
6.66667
6.66667
6.66667
6.66667
6.66667
6.66667
6.66667
6.64706
6.64706
6.64706
6.64706
6.64706
6.64706
6.64706
6.60784
6.60784
6.56863
6.54902
6.54902
6.54902
6.54902
6.54902
6.54902
6.54902
6.54902
6.54902
6.54902
6.5098
6.5098
6.5098
6.5098
6.5098
6.5098
6.5098
6.5098
6.5098
6.5098
6.5098
6.47059
6.47059
6.45098
6.45098
6.41176
6.41176
6.39216
6.39216
6.39216
6.39216
6.39216
6.39216
6.39216
6.37255
6.37255
6.37255
6.35294
6.31373
6.31373
6.27451
6.27451
6.27451
6.2549
6.2549
6.2549
6.23529
6.23529
6.19608
6.19608
6.19608
6.19608
6.19608
6.19608
6.17647
6.15686
6.15686
6.11765
6.11765
6.09804
6.07843
6.07843
6.05882
6.05882
6.05882
6.03922
6
6
6
6
6
6
6
6
6
6
6
6
6
6
5.98039
5.98039
5.98039
5.98039
5.98039
5.98039
5.98039
5.96078
5.96078
5.96078
5.92157
5.92157
5.92157
5.92157
5.92157
5.92157
5.92157
5.92157
5.90196
5.90196
5.90196
5.90196
5.90196
5.90196
5.90196
5.90196
5.90196
5.90196
5.90196
5.90196
5.90196
5.90196
5.90196
5.84314
5.84314
5.82353
5.78431
5.78431
5.78431
5.76471
5.76471
5.76471
5.70588
5.66667
5.66667
5.66667
5.66667
5.66667
5.66667
5.64706
5.64706
5.64706
5.64706
5.62745
5.60784
5.60784
5.60784
5.60784
5.60784
5.56863
5.52941
5.52941
5.52941
5.52941
5.52941
5.52941
5.52941
5.52941
5.52941
5.52941
5.52941
5.52941
5.5098
5.5098
5.5098
5.4902
5.4902
5.4902
5.4902
5.4902
5.4902
5.4902
5.4902
5.4902
5.4902
5.45098
5.45098
5.45098
5.45098
5.45098
5.45098
5.43137
5.43137
5.43137
5.43137
5.37255
5.37255
5.37255
5.37255
5.33333
5.33333
5.31373
5.31373
5.31373
5.31373
5.31373
5.31373
5.31373
5.31373
5.29412
5.29412
5.29412
5.29412
5.2549
5.2549
5.2549
5.2549
5.2549
5.2549
5.2549
5.23529
5.23529
5.23529
5.23529
5.23529
5.23529
5.23529
5.23529
5.23529
5.23529
5.21569
5.19608
5.19608
5.19608
5.19608
5.17647
5.17647
5.09804
5.09804
5.05882
5.05882
5.05882
5.05882
5.01961
5.01961
5.01961
5.01961
4.94118
4.94118
4.94118
4.94118
4.92157
4.92157
4.92157
4.92157
4.92157
4.92157
4.92157
4.92157
4.92157
4.90196
4.90196
4.90196
4.90196
4.90196
4.88235
4.86275
4.86275
4.86275
4.86275
4.86275
4.86275
4.86275
4.84314
4.84314
4.84314
4.84314
4.80392
4.80392
4.80392
4.80392
4.80392
4.80392
4.78431
4.78431
4.78431
4.78431
4.78431
4.78431
4.78431
4.7451
4.7451
4.7451
4.7451
4.7451
4.7451
4.7451
4.7451
4.7451
4.7451
4.7451
4.7451
4.7451
4.7451
4.7451
4.7451
4.7451
4.7451
4.7451
4.7451
4.7451
4.7451
4.7451
4.7451
4.7451
4.7451
4.7451
4.7451
4.7451
4.7451
4.7451
4.7451
4.7451
4.7451
4.7451
4.7451
4.7451
4.7451
4.7451
4.7451
4.7451
4.70588
4.70588
4.70588
4.70588
4.70588
4.70588
4.70588
4.70588
4.70588
4.70588
4.70588
4.70588
4.70588
4.70588
4.62745
4.62745
4.62745
4.60784
4.60784
4.60784
4.60784
4.60784
4.60784
4.60784
4.60784
4.60784
4.60784
4.60784
4.56863
4.56863
4.56863
4.56863
4.56863
4.56863
4.52941
4.52941
4.52941
4.52941
4.52941
4.4902
4.47059
4.47059
4.47059
4.47059
4.45098
4.45098
4.41176
4.41176
4.41176
4.41176
4.39216
4.39216
4.39216
4.39216
4.39216
4.39216
4.39216
4.39216
4.37255
4.37255
4.37255
4.37255
4.37255
4.37255
4.37255
4.37255
4.37255
4.37255
4.37255
4.37255
4.35294
4.35294
4.35294
4.35294
4.35294
4.35294
4.35294
4.35294
4.35294
4.35294
4.31373
4.31373
4.31373
4.31373
4.31373
4.31373
4.31373
4.29412
4.29412
4.29412
4.27451
4.27451
4.27451
4.27451
4.27451
4.27451
4.2549
4.2549
4.2549
4.2549
4.23529
4.23529
4.23529
4.17647
4.09804
4.07843
4.07843
4.07843
4.03922
4.03922
4
4
3.98039
3.96078
3.94118
3.94118
3.94118
3.94118
3.94118
3.94118
3.94118
3.94118
3.94118
3.94118
3.94118
3.94118
3.92157
3.92157
3.92157
3.92157
3.92157
3.92157
3.92157
3.92157
3.92157
3.92157
3.92157
3.92157
3.92157
3.90196
3.90196
3.90196
3.90196
3.90196
3.90196
3.90196
3.90196
3.90196
3.90196
3.90196
3.90196
3.90196
3.90196
3.90196
3.90196
3.82353
3.82353
3.82353
3.82353
3.80392
3.76471
3.76471
3.76471
3.76471
3.76471
3.7451
3.7451
3.7451
3.7451
3.7451
3.7451
3.7451
3.7451
3.72549
3.72549
3.72549
3.72549
3.72549
3.72549
3.72549
3.68627
3.68627
3.68627
3.68627
3.68627
3.68627
3.66667
3.66667
3.66667
3.66667
3.66667
3.66667
3.66667
3.66667
3.66667
3.62745
3.62745
3.62745
3.62745
3.60784
3.60784
3.60784
3.60784
3.60784
3.60784
3.60784
3.60784
3.58824
3.58824
3.58824
3.58824
3.58824
3.58824
3.56863
3.54902
3.54902
3.54902
3.54902
3.54902
3.54902
3.5098
3.5098
3.5098
3.5098
3.4902
3.4902
3.4902
3.4902
3.4902
3.47059
3.43137
3.43137
3.41176
3.41176
3.41176
3.39216
3.39216
3.39216
3.39216
3.39216
3.37255
3.37255
3.35294
3.31373
3.31373
3.31373
3.31373
3.31373
3.29412
3.29412
3.29412
3.29412
3.29412
3.29412
3.29412
3.29412
3.29412
3.29412
3.29412
3.29412
3.29412
3.29412
3.29412
3.29412
3.29412
3.29412
3.29412
3.29412
3.29412
3.29412
3.29412
3.29412
3.29412
3.29412
3.29412
3.29412
3.29412
3.29412
3.29412
3.29412
3.29412
3.29412
3.29412
3.29412
3.29412
3.29412
3.29412
3.29412
3.29412
3.29412
3.29412
3.29412
3.29412
3.27451
3.27451
3.2549
3.2549
3.2549
3.2549
3.2549
3.2549
3.2549
3.2549
3.2549
3.2549
3.2549
3.2549
3.23529
3.23529
3.23529
3.23529
3.23529
3.23529
3.23529
3.21569
3.21569
3.21569
3.21569
3.21569
3.21569
3.21569
3.21569
3.21569
3.19608
3.17647
3.17647
3.17647
3.17647
3.15686
3.15686
3.15686
3.15686
3.15686
3.15686
3.13725
3.11765
3.11765
3.11765
3.11765
3.09804
3.09804
3.09804
3.09804
3.09804
3.09804
3.09804
3.07843
3.07843
3.07843
3.07843
3.07843
3.07843
3.05882
3.05882
3.05882
3.03922
3.03922
3.03922
3.03922
3.03922
3.03922
3.03922
3.01961
3.01961
3
3
3
3
3
3
3
3
3
3
3
3
3
3
3
3
3
2.98039
2.98039
2.98039
2.96078
2.96078
2.96078
2.96078
2.96078
2.96078
2.96078
2.96078
2.96078
2.96078
2.96078
2.96078
2.96078
2.96078
2.96078
2.96078
2.96078
2.96078
2.96078
2.96078
2.96078
2.96078
2.94118
2.94118
2.94118
2.92157
2.92157
2.88235
2.84314
2.84314
2.84314
2.84314
2.84314
2.84314
2.84314
2.80392
2.80392
2.80392
2.80392
2.80392
2.80392
2.80392
2.80392
2.80392
2.80392
2.78431
2.78431
2.78431
2.78431
2.78431
2.78431
2.78431
2.78431
2.78431
2.78431
2.7451
2.7451
2.7451
2.72549
2.72549
2.72549
2.72549
2.70588
2.70588
2.70588
2.70588
2.70588
2.70588
2.70588
2.68627
2.68627
2.66667
2.66667
2.64706
2.64706
2.62745
2.56863
2.56863
2.5098
2.5098
2.5098
2.5098
2.5098
2.5098
2.5098
2.4902
2.4902
2.4902
2.47059
2.47059
2.47059
2.43137
2.43137
2.43137
2.39216
2.39216
2.39216
2.37255
2.37255
2.37255
2.37255
2.37255
2.37255
2.37255
2.37255
2.37255
2.37255
2.35294
2.35294
2.35294
2.35294
2.35294
2.35294
2.35294
2.35294
2.35294
2.35294
2.35294
2.35294
2.35294
2.35294
2.35294
2.35294
2.35294
2.35294
2.35294
2.35294
2.35294
2.35294
2.35294
2.35294
2.35294
2.35294
2.35294
2.35294
2.35294
2.33333
2.33333
2.33333
2.33333
2.31373
2.31373
2.31373
2.31373
2.31373
2.31373
2.31373
2.31373
2.31373
2.31373
2.31373
2.31373
2.31373
2.31373
2.31373
2.31373
2.29412
2.27451
2.27451
2.27451
2.27451
2.27451
2.2549
2.2549
2.2549
2.2549
2.2549
2.2549
2.2549
2.2549
2.2549
2.2549
2.23529
2.23529
2.23529
2.23529
2.23529
2.23529
2.21569
2.21569
2.21569
2.21569
2.21569
2.19608
2.19608
2.19608
2.19608
2.19608
2.19608
2.15686
2.15686
2.15686
2.15686
2.15686
2.15686
2.15686
2.15686
2.15686
2.15686
2.15686
2.15686
2.15686
2.15686
2.15686
2.15686
2.15686
2.09804
2.09804
2.09804
2.09804
2.09804
2.09804
2.09804
2.07843
2.05882
2.05882
2.05882
2.05882
2.05882
2.05882
2.01961
2.01961
2.01961
2.01961
2.01961
2.01961
2.01961
2.01961
2.01961
2.01961
2.01961
2.01961
2
2
2
2
2
2
2
2
2
2
1.98039
1.98039
1.98039
1.98039
1.98039
1.98039
1.98039
1.98039
1.98039
1.98039
1.96078
1.96078
1.94118
1.94118
1.94118
1.94118
1.94118
1.94118
1.94118
1.94118
1.92157
1.92157
1.92157
1.92157
1.92157
1.92157
1.92157
1.92157
1.92157
1.92157
1.92157
1.92157
1.92157
1.92157
1.90196
1.90196
1.88235
1.88235
1.88235
1.88235
1.88235
1.88235
1.86275
1.86275
1.86275
1.84314
1.84314
1.84314
1.84314
1.84314
1.84314
1.84314
1.82353
1.82353
1.82353
1.82353
1.82353
1.82353
1.82353
1.82353
1.82353
1.82353
1.80392
1.80392
1.80392
1.80392
1.80392
1.80392
1.80392
1.80392
1.80392
1.80392
1.80392
1.80392
1.80392
1.80392
1.80392
1.80392
1.80392
1.80392
1.80392
1.80392
1.80392
1.80392
1.80392
1.80392
1.78431
1.78431
1.78431
1.78431
1.78431
1.78431
1.78431
1.78431
1.78431
1.78431
1.78431
1.78431
1.78431
1.78431
1.78431
1.76471
1.7451
1.7451
1.72549
1.70588
1.68627
1.68627
1.68627
1.66667
1.66667
1.66667
1.66667
1.66667
1.66667
1.66667
1.66667
1.66667
1.66667
1.66667
1.66667
1.66667
1.66667
1.66667
1.66667
1.66667
1.64706
1.64706
1.64706
1.62745
1.62745
1.62745
1.60784
1.60784
1.60784
1.58824
1.58824
1.58824
1.58824
1.58824
1.58824
1.58824
1.58824
1.58824
1.58824
1.58824
1.58824
1.58824
1.58824
1.58824
1.58824
1.56863
1.56863
1.56863
1.56863
1.56863
1.56863
1.56863
1.54902
1.54902
1.54902
1.54902
1.54902
1.54902
1.54902
1.52941
1.52941
1.52941
1.52941
1.52941
1.52941
1.52941
1.52941
1.52941
1.52941
1.52941
1.5098
1.5098
1.5098
1.5098
1.5098
1.5098
1.5098
1.4902
1.47059
1.47059
1.47059
1.45098
1.45098
1.45098
1.45098
1.45098
1.45098
1.45098
1.45098
1.45098
1.45098
1.45098
1.45098
1.45098
1.45098
1.45098
1.41176
1.41176
1.41176
1.41176
1.41176
1.41176
1.41176
1.41176
1.41176
1.41176
1.41176
1.41176
1.41176
1.41176
1.39216
1.39216
1.39216
1.39216
1.37255
1.37255
1.37255
1.37255
1.37255
1.37255
1.37255
1.37255
1.37255
1.37255
1.37255
1.37255
1.37255
1.37255
1.37255
1.37255
1.37255
1.37255
1.37255
1.37255
1.33333
1.33333
1.33333
1.33333
1.33333
1.31373
1.31373
1.29412
1.29412
1.29412
1.29412
1.29412
1.29412
1.29412
1.29412
1.29412
1.29412
1.29412
1.29412
1.27451
1.27451
1.27451
1.27451
1.27451
1.27451
1.2549
1.2549
1.2549
1.23529
1.23529
1.23529
1.23529
1.23529
1.23529
1.23529
1.23529
1.23529
1.23529
1.23529
1.21569
1.21569
1.21569
1.21569
1.21569
1.21569
1.21569
1.21569
1.21569
1.21569
1.21569
1.21569
1.21569
1.21569
1.21569
1.21569
1.21569
1.21569
1.21569
1.21569
1.21569
1.21569
1.19608
1.19608
1.19608
1.19608
1.19608
1.19608
1.19608
1.19608
1.19608
1.15686
1.15686
1.15686
1.15686
1.15686
1.15686
1.15686
1.15686
1.15686
1.13725
1.13725
1.13725
1.13725
1.13725
1.13725
1.13725
1.13725
1.13725
1.13725
1.13725
1.13725
1.13725
1.13725
1.13725
1.13725
1.13725
1.13725
1.13725
1.13725
1.13725
1.13725
1.13725
1.13725
1.13725
1.13725
1.13725
1.13725
1.13725
1.11765
1.09804
1.09804
1.09804
1.09804
1.09804
1.09804
1.09804
1.09804
1.09804
1.09804
1.09804
1.07843
1.07843
1.07843
1.07843
1.07843
1.07843
1.07843
1.07843
1.07843
1.07843
1.07843
1.07843
1.07843
1.07843
1.07843
1.07843
1.07843
1.07843
1.05882
1.05882
1.05882
1.05882
1.05882
1.05882
1.05882
1.05882
1.03922
1
1
1
1
1
1
1
1
1
1
0.980392
0.980392
0.980392
0.980392
0.980392
0.980392
0.980392
0.980392
0.960784
0.960784
0.960784
0.941176
0.941176
0.941176
0.941176
0.941176
0.941176
0.941176
0.941176
0.941176
0.941176
0.941176
0.941176
0.921569
0.921569
0.921569
0.921569
0.921569
0.921569
0.921569
0.921569
0.921569
0.901961
0.901961
0.901961
0.901961
0.901961
0.882353
0.882353
0.882353
0.882353
0.882353
0.882353
0.882353
0.882353
0.862745
0.862745
0.862745
0.862745
0.843137
0.843137
0.843137
0.843137
0.843137
0.843137
0.823529
0.823529
0.823529
0.823529
0.823529
0.823529
0.823529
0.803922
0.803922
0.803922
0.784314
0.784314
0.764706
0.764706
0.764706
0.764706
0.764706
0.764706
0.764706
0.764706
0.745098
0.745098
0.745098
0.72549
0.72549
0.72549
0.72549
0.72549
0.72549
0.72549
0.72549
0.72549
0.72549
0.72549
0.72549
0.72549
0.72549
0.72549
0.72549
0.72549
0.72549
0.72549
0.72549
0.72549
0.72549
0.72549
0.705882
0.705882
0.705882
0.705882
0.705882
0.705882
0.705882
0.705882
0.705882
0.705882
0.705882
0.705882
0.705882
0.705882
0.705882
0.705882
0.705882
0.705882
0.705882
0.705882
0.705882
0.705882
0.686275
0.686275
0.686275
0.686275
0.686275
0.686275
0.686275
0.686275
0.686275
0.686275
0.686275
0.686275
0.686275
0.686275
0.686275
0.647059
0.647059
0.627451
0.627451
0.607843
0.607843
0.607843
0.607843
0.607843
0.607843
0.607843
0.607843
0.607843
0.607843
0.607843
0.607843
0.607843
0.607843
0.607843
0.607843
0.588235
0.588235
0.588235
0.588235
0.588235
0.568627
0.54902
0.54902
0.54902
0.54902
0.54902
0.54902
0.54902
0.54902
0.54902
0.54902
0.54902
0.54902
0.54902
0.54902
0.54902
0.54902
0.54902
0.54902
0.54902
0.54902
0.54902
0.54902
0.54902
0.54902
0.54902
0.54902
0.54902
0.54902
0.509804
0.509804
0.509804
0.509804
0.509804
0.509804
0.509804
0.509804
0.509804
0.490196
0.490196
0.490196
0.490196
0.490196
0.490196
0.490196
0.490196
0.490196
0.490196
0.490196
0.490196
0.490196
0.490196
0.490196
0.490196
0.490196
0.45098
0.45098
0.45098
0.45098
0.45098
0.45098
0.45098
0.45098
0.45098
0.45098
0.45098
0.45098
0.45098
0.45098
0.45098
0.45098
0.45098
0.45098
0.45098
0.45098
0.45098
0.45098
0.45098
0.45098
0.45098
0.45098
0.45098
0.45098
0.431373
0.431373
0.431373
0.411765
0.411765
0.411765
0.411765
0.411765
0.411765
0.411765
0.411765
0.411765
0.411765
0.411765
0.411765
0.411765
0.411765
0.411765
0.411765
0.411765
0.411765
0.411765
0.411765
0.411765
0.411765
0.411765
0.411765
0.411765
0.411765
0.411765
0.411765
0.411765
0.411765
0.411765
0.411765
0.411765
0.411765
0.411765
0.392157
0.392157
0.392157
0.392157
0.392157
0.392157
0.392157
0.392157
0.392157
0.392157
0.372549
0.372549
0.372549
0.372549
0.372549
0.372549
0.372549
0.372549
0.372549
0.372549
0.372549
0.372549
0.372549
0.372549
0.372549
0.372549
0.372549
0.372549
0.372549
0.372549
0.372549
0.372549
0.372549
0.372549
0.372549
0.372549
0.372549
0.372549
0.372549
0.372549
0.372549
0.372549
0.372549
0.372549
0.372549
0.372549
0.372549
0.372549
0.372549
0.372549
0.372549
0.372549
0.372549
0.372549
0.372549
0.372549
0.372549
0.372549
0.372549
0.372549
0.372549
0.372549
0.372549
0.372549
0.372549
0.372549
0.372549
0.352941
0.352941
0.352941
0.333333
0.333333
0.333333
0.333333
0.333333
0.333333
0.333333
0.333333
0.313725
0.313725
0.313725
0.313725
0.313725
0.313725
0.313725
0.313725
0.313725
0.313725
0.313725
0.313725
0.313725
0.313725
0.313725
