61725.1
61404.9
61385.3
60900.5
60614.6
60614.6
59892.7
59468.2
59230.4
58806.2
58806.2
58041.5
58041.5
57694.4
57694.4
57475.4
57391
57263.6
57263.6
56892.7
56557.7
56276.9
56276.9
55855.1
55855.1
55250.9
55247.7
55196.1
55196.1
55144.9
55144.9
55137.9
54999.2
54969.7
54711.6
54711.6
54711.6
54711.6
54711.6
54664.6
54664.6
54566.5
54566.5
54424.9
54171.7
54171.7
54165.3
54165.3
54165.3
53998.9
53845.4
53845.4
53845
53817.7
53746.4
53746.4
53746.4
53746.4
53746.4
53543.2
53393.4
53330.5
53330.5
53279.9
53161.3
53161.3
53161.3
53161.3
53008
53008
53008
53008
53008
53008
53008
53008
52994.2
52668.4
52668.4
52463.1
52390.5
52222.1
52222.1
52222.1
51821
51815.1
51769.5
51634.1
51609.9
51494.4
51494.4
51494.4
51494.4
51481.1
51476.1
51474.9
51459.7
51459.7
51459.7
51459.7
51088.7
50744
50744
50739.5
50666.8
50666.8
50605.7
50143.1
50143.1
50143.1
49989.2
49654.2
49654.2
49629.9
49629.9
49352.7
49201.9
49201.9
49153
48613.1
48354
48276.4
48192.4
47861.9
47801
47627.5
47558.1
47517.3
47434.2
47227.6
47227.6
47116.7
47116.7
47116.7
47083.7
47083.7
46879
46879
46781.5
46781.5
46734.3
46688
46440.7
45956.3
45956.3
45943.1
45390.3
45359.9
45359.9
45269.4
45166
45166
45104.1
45104.1
45104.1
45095.7
45095.7
45095.7
45095.7
44997.5
44954
44954
44954
44954
44830.1
44816.5
44816.5
44816.5
44761
44758.2
44758.2
44758.2
44595.9
44588.3
44523.1
44520.1
44520.1
44163.7
44107.5
44103.3
44069.8
43988.8
43988.2
43988.2
43988.2
43988.2
43988.2
43988.2
43988.2
43988.2
43988.2
43957.6
43957.6
43957.6
43957.6
43943.1
43943.1
43849.4
43849.4
43849.4
43615.5
43505.9
43505.9
43505.9
43486.2
43368.9
43368.9
43368.9
43368.9
43207.1
43132.8
42973.9
42923.9
42471.7
42463.4
42386.5
42112.1
42112.1
42112.1
42112.1
41710.2
41548.6
41421.4
41178.9
41092.1
41092.1
41092.1
40934.8
40667.9
40644.3
40644.3
40510.7
40510.7
40510.7
40344.8
40344.8
40107.5
40014.9
39989.6
39821.9
39821.9
39821.9
39821.9
39821.9
39821.9
39821.9
39680.7
39327.5
39224.6
39069.2
38971.9
38708.7
38708.7
38708.7
38708.7
38559
38447.4
38447.4
38447.4
38447.4
38447.4
38447.4
38447.4
38447.4
38428.9
38428.9
38428.9
38298.8
38298.8
38298.8
38298.8
38298.8
38213.2
37997.7
37997.7
37997.7
37602.9
37570
37570
37532.7
37467.2
37467.2
37205.8
37171.6
37045.5
37045.5
37045.5
37045.5
37045.5
37045.5
37045.5
37010.6
37010.6
37010.6
36931.8
36874.8
36874.8
36874.8
36874.8
36874.8
36526
36489.8
35992.6
35992.6
35992.6
35992.6
35992.6
35739.9
35739.9
35651.7
35651.7
35582.4
35582.4
35411.7
35278.1
35278.1
35278.1
35168.1
35113.8
35018.6
35018.6
34941.2
34941.2
34871.5
34687.9
34687.9
34687.9
34447.9
34447.9
34299.3
34299.3
34208.1
34208.1
34208.1
34208.1
34200.2
34179.5
34179.5
34179.5
34179.5
34179.5
34118.4
34118.4
34118.4
34118.4
34118.4
34032
34032
33956.2
33908.8
33908.8
33908.8
33908.8
33908.8
33833.2
33833.2
33833.2
33833.2
33833.2
33833.2
33833.2
33833.2
33833.2
33804.7
33804.7
33804.7
33639
33601.2
33601.2
33577
33576.6
33542.5
33542.5
33499.9
33411.2
33245.1
33245.1
33200.8
33200.8
33200.8
33200.8
33200.8
33200.8
33092.3
33065.2
33065.2
33065.2
33065.2
33065.2
33065.2
33021.3
33021.3
33021.3
32941.5
32941.5
32941.5
32941.5
32941.5
32892.1
32892.1
32789.5
32789.5
32535.1
32535.1
32535.1
32535.1
32535.1
32404
32404
32404
32371.2
32346
32346
32346
32346
32235.6
32235.6
32235.6
31972.9
31972.9
31949.2
31913.3
31913.3
31809.6
31793.2
31454.5
31454.5
31394.7
31394.7
31394.7
31246.4
31158.1
31158.1
31158.1
31115.3
30950.6
30950.6
30950.6
30950.6
30943.8
30942.7
30871.1
30800.5
30703
30668.1
30536.9
30536.9
30536.9
30536.9
30531
30500.1
30500.1
30500.1
30500.1
30273.1
30194
30194
30194
30194
30077.8
30077.8
30077.8
30077.8
30077.8
30060.5
30060.5
30060.5
30060.5
29958
29828.6
29828.6
29828.6
29828.6
29809.1
29809.1
29809.1
29809.1
29809.1
29809.1
29809.1
29809.1
29809.1
29767.2
29707.5
29707.5
29707.5
29707.5
29707.5
29707.5
29608.4
29600.2
29600.2
29600.2
29533.2
29530.6
29427.4
29427.4
29427.4
29427.4
29427.4
29427.4
29388.7
29337.8
29337.8
29337.8
29133
29133
29058.9
28983.4
28983.4
28983.4
28856.5
28803.3
28616.6
28616.6
28616.6
28532.9
28285
28285
28242.7
28150.7
27986.9
27943.8
27886.2
27886.2
27886.2
27886.2
27886.2
27886.2
27867.8
27666.3
27630.2
27617.3
27617.3
27598.4
27598.4
27537.6
27338.4
27338.4
27338.4
27338.4
27139.1
27088.2
27088.2
27088.2
27088.2
27088.2
27019.2
27019.2
27019.2
27019.2
27019.2
27019.2
27019.2
26926.1
26912.8
26912.8
26895.4
26895.4
26895.4
26847.6
26721.2
26721.2
26721.2
26714.2
26714.2
26646.6
26548.6
26548.6
26383
26383
26383
26383
26301.8
26301.8
26301.8
26301.8
26272.1
26272.1
26272.1
26272.1
26272.1
26183.2
26183.2
26183.2
26183.2
26183.2
26183.2
26183.2
26183.2
26183.2
26151
26109.3
26109.3
25900.6
25900.6
25900.6
25883.6
25697
25697
25499.5
25499.5
25381.5
25375.8
25375.8
25342.3
25342.3
25342.3
25342.3
25342.3
25342.3
25342.3
25342.3
25342.3
25295.9
25295.9
25295.9
25284.1
25197.3
25097.1
24927.1
24927.1
24847.6
24838.9
24838.9
24837
24837
24834.7
24834.7
24834.7
24744
24744
24744
24744
24676.3
24486.8
24486.8
24476.3
24476.3
24472.9
24472.9
24411.7
24411.7
24356.4
24218.2
24218.2
24218.2
24218.2
24218.2
24155
24155
24008.7
24008.7
24008.7
24008.7
24008.7
24008.7
24008.7
24008.7
24008.7
24008.7
23915.7
23909.6
23835.8
23835.1
23835.1
23835.1
23768.3
23768.3
23703.8
23703.8
23703.8
23604.2
23604.2
23604.2
23604.2
23604.2
23604.2
23604.2
23600.7
23600.7
23600.7
23600.7
23600.7
23600.7
23600.7
23600.7
23600.7
23600.7
23600.7
23520.5
23520.5
23520.5
23520.5
23520.5
23433.7
23433.7
23433.7
23433.7
23433.7
23307.4
23307.4
23231.2
23137
23107.5
23104.4
23104.4
23091.6
23091.6
23091.6
23091.6
23057.1
23057.1
23057.1
23057.1
23057.1
23050.9
23049.6
22933.3
22870.9
22870.9
22755.8
22572.8
22489.2
22489.2
22489.2
22384.5
22329.2
22329.2
22329.2
22279.7
22279.7
22278.2
22278.2
22278.2
22086.9
22043.1
21971.2
21971.2
21971.2
21971.2
21971.2
21952.5
21875.9
21850.3
21767.8
21759.1
21759.1
21721.6
21721.6
21721.6
21564.8
21564.8
21508.5
21508.5
21508.5
21474.9
21474.9
21474.9
21474.9
21466.2
21462.7
21420.6
21420.6
21420.6
21420.6
21376.9
21278.5
21278.5
21257.7
21257.7
21257.7
21257.7
21257.7
21211.5
21211.5
21211.5
21211.5
21211.5
21211.5
21211.5
21211.5
21185.6
21137.6
21137.6
21137.6
21137.6
21137.6
21024.7
21024.7
21024.7
21024.7
21024.7
21024.7
21024.7
20955.2
20955.2
20955.2
20955.2
20955.2
20915
20885.2
20885.2
20885.2
20885.2
20885.2
20832.4
20815.3
20815.3
20815.3
20815.3
20815.3
20815.3
20815.3
20815.3
20815.3
20769.3
20769.3
20769.3
20769.3
20769.3
20714.7
20714.7
20675.5
20663.5
20655.8
20608.4
20608.4
20552.7
20364.2
20349.3
20349.3
20279.6
20257.3
20174.5
20174.5
20101
20037.8
20037.8
20037.8
20037.8
20037.8
20037.8
20020
19953
19953
19953
19953
19953
19953
19953
19897.9
19854
19854
19854
19710.9
19710.9
19710.9
19710.9
19710.9
19670.5
19670.5
19658.7
19648.8
19601.1
19601.1
19541.9
19541.9
19536.9
19518
19518
19479.3
19479.3
19333.1
19333.1
19250.4
19235
19150.7
19150.7
19150.7
19150.7
19150.7
19140.3
19134.8
19134.8
19081.9
19081.9
19081.9
19081.9
19081.9
19071.6
19071.6
19068.2
19060.9
19060.9
19060.9
19060.9
19060.9
19026.2
19026.2
19026.2
18795.1
18720.8
18695.9
18695.9
18656
18656
18656
18646.1
18646.1
18609.4
18571.7
18571.7
18571.7
18564
18564
18564
18564
18551.1
18551.1
18441.3
18417.8
18417.8
18417.8
18375.8
18375.8
18375.8
18102.5
18102.5
18102.5
18089.3
18080.1
18079.6
18079.6
17927.3
17927.3
17902.6
17867.9
17867.9
17867.9
17867.9
17867.9
17867.9
17867.9
17841.6
17841.6
17841.6
17841.6
17728.3
17728.3
17728.3
17539.3
17447.7
17447.7
17394.3
17339.7
17304.3
17304.3
17304.3
17304.3
17304.3
17299.5
17299.5
17299.5
17299.5
17299.5
17128.9
17128.9
17128.9
17073.1
17073.1
17073.1
17073.1
17073.1
17073.1
17073.1
17027.5
17027.5
17016
17016
17016
16942.7
16942.7
16942.7
16942.7
16942.7
16942.7
16833.7
16833.7
16833.7
16833.7
16833.7
16773.5
16773.5
16773.5
16773.5
16773.5
16773.5
16754.5
16743.4
16743.4
16743.4
16727.2
16727.2
16727.2
16727.2
16681.5
16651.2
16573.4
16573.4
16573.4
16548.8
16548.8
16548.8
16548.8
16548.8
16488
16488
16488
16488
16446.9
16400.3
16400.3
16240.2
16240.2
16240.2
16192.3
16154.1
16154.1
16154.1
16032.8
15969.3
15919.5
15919.5
15819.1
15819.1
15735.4
15735.4
15735.4
15735.4
15735.4
15735.4
15735.4
15687.1
15687.1
15687.1
15548.4
15548.4
15465
15465
15451
15451
15403
15354.3
15354.3
15354.3
15354.3
15354.3
15354.3
15354.3
15354.3
15354.3
15354.3
15347.5
15347.5
15347.5
15347.5
15347.5
15299.8
15299.8
15299.8
15299.8
15299.8
15299.8
15299.8
15299.8
15299.8
15269.9
15197
15196.5
15196.5
15196.5
15164.5
15159.3
15159.3
15159.3
15159.3
15146
15099.5
15099.5
15099.5
15099.5
15099.5
15099.5
15024
15012.1
15012.1
15012.1
14977.1
14977.1
14977.1
14947.2
14945.8
14943.5
14943.5
14943.5
14943.5
14915.6
14903.3
14903.3
14903.3
14888.5
14888.5
14888.5
14823.6
14823.6
14767.1
14767.1
14767.1
14767.1
14767.1
14716.8
14716.8
14716.8
14716.8
14713.6
14713.6
14713.6
14713.6
14713.6
14517.2
14438.6
14438.6
14438.6
14431.7
14431.7
14376.2
14368.6
14368.6
14368.6
14368.6
14368.6
14368.6
14368.6
14368.6
14368.6
14368.6
14368.6
14368.6
14368.6
14347.8
14305.5
14305.5
14305.5
14292.3
14292.3
14292.3
14292.3
14292.3
14292.3
14292.3
14257.5
14237.3
14237.3
14237.3
14223.4
14223.4
14221.1
14221.1
14132.7
14132.7
14115.6
14115.6
14115.6
14115.6
14115.6
14091.2
14026
14000.3
14000.3
14000.3
13971.9
13950.9
13940.4
13940.4
13940.4
13936.8
13929.9
13907.3
13907.3
13907.3
13885.1
13813.6
13813.6
13813.6
13803.1
13774.2
13756.9
13728.6
13728.6
13717.3
13683
13640.5
13640.5
13640.5
13640.5
13640.5
13534.5
13513.4
13499
13491.4
13491.4
13491.4
13491.4
13468.7
13457.3
13448.9
13418.7
13418.7
13418.7
13380.4
13350.5
13348.5
13294.2
13294.2
13294.2
13287
13287
13287
13287
13287
13283
13283
13283
13238.5
13238.5
13227.9
13227.9
13227.9
13225.7
13225.7
13210.1
13210.1
13185.4
13185.4
13185.4
13185.4
13053.8
13012.4
13012.4
13012.4
13012.4
13011
13011
13011
12985.6
12985.6
12985.6
12985.6
12985.6
12985.6
12985.6
12985.6
12985.6
12985.6
12982.8
12982.8
12982.8
12982.8
12982.8
12982.8
12982.8
12982.8
12955.6
12893.2
12893.2
12829.4
12829.4
12829.4
12829.4
12829.4
12798.2
12798.2
12798.2
12798.2
12798.2
12798.2
12796.2
12796.2
12796.2
12725.8
12725.8
12698.4
12655.1
12644.7
12611
12604.2
12604.2
12582.6
12547.3
12506
12387.7
12267.3
12267.3
12255.8
12255.8
12255.8
12255.8
12217
12214
12186.2
12186.2
12186.2
12179
12158.6
12158.6
12158.6
12158.6
12014.5
12014.5
12014.5
12014.5
11958.1
11949.7
11949.7
11933.2
11933.2
11933.2
11933.2
11933.2
11933.2
11933.2
11933.2
11930.2
11883.1
11883.1
11883.1
11883.1
11883.1
11883.1
11856
11826.9
11826.9
11826.9
11719.3
11719.3
11713.2
11713.2
11652.9
11652.9
11652.9
11652.9
11652.9
11588.1
11588.1
11588.1
11588.1
11552.3
11552.3
11533.3
11533.3
11493.3
11471.6
11443.7
11443.7
11425.4
11425.4
11425.4
11425.4
11425.4
11425.4
11422.7
11422.7
11422.7
11422.7
11422.7
11414.2
11414.2
11362.5
11362.5
11360.8
11360.8
11360.8
11344.7
11344.7
11308
11308
11308
11308
11308
11295.9
11295.9
11281.2
11281.2
11281.2
11274.9
11274.9
11274.9
11274.9
11274.9
11225.1
11225.1
11225.1
11225.1
11213.2
11213.2
11213.2
11213.2
11181.4
11181.4
11134
11134
11134
11134
11127.9
11127.9
11085.9
11081.6
10980.3
10959.1
10959.1
10959.1
10956.2
10938.8
10938.8
10891
10862.4
10862.4
10862.4
10862.4
10862.4
10849.1
10849.1
10811.5
10752.7
10727.2
10727.2
10727.2
10677.1
10659.8
10637.8
10616
10616
10616
10614.9
10614.9
10533
10533
10487.9
10487.9
10487.9
10487.9
10484.2
10480.7
10480.7
10475.9
10475.9
10475.9
10446.3
10446.3
10446.3
10446.3
10404.8
10393.4
10393.4
10333.4
10333.4
10333.4
10292.7
10292.7
10292.7
10292.7
10292.7
10292.7
10292.7
10288.7
10288.7
10288.7
10267.9
10267.9
10267.9
10267.4
10258.6
10258.6
10258.6
10258.6
10258.6
10258.6
10258.6
10258.6
10242.7
10242.7
10217.8
10217.8
10193.3
10122.1
10122.1
10122.1
10117.5
10117.5
10064.5
10064.5
10064.5
10053.4
10053.4
10053.4
10053.4
10020.6
10020.6
10020.6
10020.6
10020.6
10020.6
10020.6
10020.5
10020.5
10020.5
10019.4
10019.4
10005
9965.64
9965.64
9900.74
9889.22
9889.22
9883.92
9845.14
9845.14
9845.14
9845.14
9832.74
9815.46
9815.46
9781.92
9781.92
9781.92
9781.92
9743.7
9733.3
9733.3
9733.3
9733.3
9733.3
9732.74
9726.3
9703.42
9703.42
9703.42
9703.42
9703.42
9678.26
9660.92
9660.92
9660.92
9660.92
9660.92
9660.92
9660.92
9660.92
9638.2
9638.2
9638.2
9628.88
9613.02
9613.02
9608.58
9528.32
9520.96
9520.96
9520.96
9496.14
9496.14
9486.84
9486.84
9486.84
9479.48
9479.48
9479.48
9470.68
9451.34
9410.46
9410.46
9410.46
9371.12
9371.12
9371.12
9371.12
9367.88
9365.26
9365.22
9341.34
9341.34
9341.34
9341.34
9341.34
9341.34
9341.34
9341.34
9330.7
9330.7
9316.22
9310.02
9295.5
9295.5
9274.88
9274.88
9248.42
9179.16
9148.18
9129
9129
9129
9129
9123.92
9123.92
9123.92
9123.92
9123.92
9112.88
9112.88
9103.02
9103.02
9055.6
9055.6
9029.04
9020.58
8995.7
8995.7
8989.26
8917.44
8917.44
8917.44
8917.44
8917.44
8917.44
8917.44
8917.44
8917.44
8917.44
8917.44
8913.46
8913.46
8913.46
8913.46
8913.46
8910.28
8905.06
8905.06
8859.68
8859.68
8824.3
8824.3
8772.56
8766.34
8766.34
8712.82
8712.82
8712.82
8707.1
8621.46
8616.74
8616.74
8584.06
8581.72
8581.72
8581.72
8551.06
8551.06
8537.48
8506.78
8506.78
8506.78
8506.78
8506.78
8506.78
8506.78
8416.8
8416.8
8416.8
8416.8
8416.8
8403.92
8403.92
8403.92
8403.92
8403.92
8403.92
8403.92
8403.92
8403.92
8375.38
8375.38
8367.1
8367.1
8323.56
8323.56
8323.56
8323.56
8323.56
8323.56
8323.56
8323.56
8312.48
8312.48
8312.48
8260.04
8260.04
8247.06
8247.06
8228.86
8228.86
8228.86
8228.86
8219
8219
8219
8219
8219
8219
8219
8219
8219
8219
8194.56
8194.56
8194.56
8178.7
8178.7
8178.7
8178.7
8178.7
8160
8160
8131.34
8131.34
8116.74
8111.86
8111.86
8110.6
8110.6
8110.6
8110.6
8110.6
8110.6
8110.6
8110.6
8049.3
8049.3
7946.16
7931.46
7900.22
7807.68
7786.98
7786.98
7786.98
7786.98
7786.98
7786.98
7786.98
7774.88
7774.88
7759.5
7705.7
7691.7
7691.7
7691.7
7691.7
7673.86
7673.86
7661.28
7661.28
7661.28
7661.28
7661.28
7661.28
7661.28
7650.64
7630
7598.72
7592.38
7592.38
7592.38
7592.38
7592.38
7572.06
7572.06
7572.06
7551.74
7551.74
7551.74
7536.72
7536.72
7536.72
7536.72
7536.72
7519.7
7519.7
7519.7
7519.7
7519.7
7443.88
7443.88
7443.88
7443.88
7438.32
7438.32
7438.32
7424.84
7424.84
7400.82
7400.82
7400.82
7400.82
7400.82
7391.46
7391.46
7355.58
7355.58
7339.78
7339.78
7334.72
7334.46
7334.46
7334.46
7334.46
7334.46
7330.14
7330.14
7305.24
7301.32
7295.54
7295.54
7295.54
7291.06
7246.82
7246.82
7246.76
7246.76
7246.76
7215.7
7171.8
7171.8
7169.6
7161.38
7161.38
7161.38
7161.38
7157.6
7137.82
7124.88
7124.88
7093.72
7093.72
7093.72
7076.52
6985.98
6985.98
6985.98
6985.98
6943.64
6943.64
6943.64
6930.18
6930.18
6930.18
6902.62
6902.62
6902.62
6902.62
6902.62
6902.62
6902.62
6902.62
6902.62
6902.62
6902.62
6885.46
6864.28
6864.28
6864.28
6864.28
6864.28
6832
6832
6814.18
6814.18
6814.18
6813.6
6813.6
6813.6
6789
6789
6785.06
6785.06
6785.06
6785.06
6759.76
6759.76
6759.76
6759.26
6749.08
6749.08
6749.08
6749.08
6749.08
6721.92
6720.7
6697.3
6647.94
6633.46
6633.46
6633.46
6633.46
6625.62
6594.52
6594.52
6584.18
6584.18
6580.14
6580.14
6548.16
6535.9
6535.9
6535.9
6535.9
6535.9
6533.96
6533.96
6533.96
6533.96
6531.62
6518.82
6518.82
6518.82
6513.8
6475.34
6456.06
6427.02
6427.02
6381.6
6322.54
6322.54
6322.54
6322.54
6322.46
6322.46
6310.02
6310.02
6310.02
6310.02
6299.26
6299.26
6299.26
6250.94
6250.94
6250.94
6250.94
6250.94
6250.94
6250.94
6250.94
6250.94
6250.94
6247.48
6247.48
6247.48
6247.48
6201.9
6196.84
6146.42
6146.42
6146.42
6146.42
6146.42
6129.06
6129.06
6100.26
6100.26
6056.18
6056.18
6056.18
6056.18
6056.18
6056.18
6040.18
6040.18
6035.48
6013.04
6013.04
6013.04
5992.22
5992.22
5992.22
5992.22
5992.22
5992.22
5992.22
5992.22
5992.22
5992.22
5961.34
5957.38
5957.38
5957.38
5949.64
5949.64
5949.64
5948.18
5920.94
5920.94
5920.94
5920.94
5920.94
5911.76
5911.76
5890.04
5890.04
5881.92
5860.88
5860.88
5854.64
5826.88
5826.88
5805.5
5805.5
5805.5
5805.5
5805.5
5748.58
5748.58
5748.58
5736.28
5707.1
5707.1
5707.1
5707.1
5707.1
5707.1
5707.1
5704.22
5704.22
5703.84
5703.84
5697.58
5679.1
5679.1
5679.1
5654.9
5654.9
5646.86
5646.86
5646.86
5646.86
5601.7
5601.7
5601.7
5601.7
5601.7
5601.7
5587.94
5587.94
5587.94
5549.36
5549.36
5546.88
5540.96
5540.96
5540.96
5540.96
5540.96
5540.96
5540.96
5540.96
5540.96
5540.96
5540.96
5540.96
5540.96
5540.96
5540.96
5540.96
5540.96
5540.96
5540.96
5532.54
5532.54
5532.54
5532.54
5532.54
5532.54
5532.54
5532.54
5517.2
5517.2
5517.2
5517.2
5464.4
5464.4
5464.4
5459.46
5443.46
5411.26
5411.26
5411.26
5409.48
5396.22
5396.22
5393.36
5339.38
5339.38
5339.38
5339.38
5338.28
5338.28
5331.78
5320.34
5320.34
5306.5
5289.92
5289.92
5289.92
5283.06
5273.34
5273.34
5270.74
5247.2
5247.2
5247.2
5221.1
5215.7
5215.7
5179.22
5179.22
5179.22
5168.14
5168.14
5164.8
5158.76
5158.76
5158.76
5158.76
5149.44
5149.44
5118.6
5117.16
5112.32
5112.32
5112.32
5112.32
5112.32
5112.32
5097.16
5089.14
5089.14
5089.14
5089.14
5089.14
5089.14
5089.14
5080.2
5068.98
5068.98
5068.98
5068.98
5062.68
5062.68
5062.68
5062.68
5062.68
5041.62
5041.62
5041.62
5039.02
5039.02
5039.02
5039.02
5039.02
5039.02
5039.02
5039.02
5039.02
5029.9
5029.9
5004.84
4966.96
4966.96
4966.96
4966.96
4966.96
4966.96
4966.96
4966.96
4952.58
4952.58
4952.58
4937.3
4929.44
4866.82
4856.36
4817.02
4817.02
4799.22
4799.22
4799.22
4795.5
4789.14
4789.14
4779.48
4775.06
4763
4763
4763
4757.54
4757.54
4757.54
4757.54
4757.54
4757.54
4752.38
4752.38
4737.16
4737.16
4737.16
4728.36
4728.36
4728.36
4719
4719
4719
4711.76
4710.92
4669.36
4669.36
4669.36
4669.36
4619.78
4611.96
4611.96
4611.96
4603.9
4603.9
4595.34
4595.34
4591.08
4591.08
4591.08
4591.08
4580.94
4580.94
4580.94
4569.62
4569.62
4569.62
4567.68
4567.68
4567.68
4560.12
4560.12
4560.12
4560.12
4560.12
4554
4554
4543.76
4543.76
4543.76
4543.76
4514.64
4514.64
4485.66
4485.66
4485.66
4446.9
4425.98
4408.74
4408.74
4408.74
4408.74
4408.74
4373.26
4373.26
4369.48
4369.48
4369.48
4368.46
4368.46
4368.46
4368.46
4368.46
4368.46
4368.46
4368.46
4368.46
4368.46
4368.46
4368.46
4368.46
4368.46
4362.48
4351.58
4345.26
4345.26
4345.26
4343.28
4328.76
4320.02
4319.84
4319.62
4319.62
4315.38
4315.38
4315.38
4301.9
4297.96
4280.94
4280.94
4274.42
4274.42
4259.76
4259.76
4255.22
4255.22
4255.22
4255.22
4248.76
4248.76
4248.76
4247.7
4222.78
4222.78
4218.26
4211.68
4211.68
4211.68
4193.1
4186.18
4186.18
4186.18
4186.18
4158.26
4158.26
4158.26
4158.26
4144.5
4144.5
4126.14
4118.16
4101.34
4082.96
4082.96
4082.96
4082.96
4082.96
4082.96
4082.44
4082.44
4082.44
4082.44
4082.44
4082.44
4082.44
4082.44
4082.44
4082.44
4082.44
4082.44
4082.22
4082.22
4082.22
4082.22
4082.22
4082.22
4059.64
4059.64
4059.64
4059.64
4059.64
4059.64
4059.64
4059.64
4059.64
4059.64
4059.64
4059.64
4044.4
4044.4
4044.4
4044.4
4023.8
4015.94
4014.48
4014.48
4000.44
4000.44
4000.44
3998.72
3998.72
3998.72
3996.86
3988.32
3988.32
3988.32
3959.68
3959.68
3959.68
3954.84
3943.16
3943.16
3943.16
3943.16
3926.48
3926.48
3926.48
3923.4
3921.26
3917.98
3917.98
3899.94
3878.64
3871.14
3871.14
3868.98
3868.98
3868.98
3855.86
3855.86
3855.86
3851.6
3851.6
3851
3833.9
3809.52
3800.2
3800.2
3800.2
3792.96
3783.6
3760.06
3750.1
3750.1
3750.1
3750.1
3750.1
3750.1
3748.12
3748.12
3730.78
3730.78
3730.42
3730.42
3730.42
3721.74
3721.74
3721.74
3721.74
3701.46
3701.46
3701.46
3701.46
3701.46
3701.46
3701.46
3684.04
3684.04
3684.04
3683.98
3683.98
3683.98
3683.98
3683.98
3683.98
3675.46
3671.12
3671.12
3658.96
3658.96
3658.22
3658.22
3652.94
3652.94
3632.88
3632.88
3632.88
3632.88
3632.1
3632.1
3632.1
3632.1
3632.1
3632.1
3632.1
3632.1
3622.46
3622.46
3622.46
3622.46
3574.66
3574.66
3574.66
3574.66
3574.66
3574.66
3574.66
3574.66
3574.66
3574.66
3574.66
3567.38
3541.8
3541.8
3541.8
3541.8
3541.8
3541.1
3539.76
3531.24
3528.54
3481.52
3481.18
3481.18
3481.18
3481.18
3481.18
3481.18
3465.54
3459.34
3452.94
3452.94
3435.16
3416.86
3416.86
3416.86
3416.22
3416.22
3416.22
3410.62
3410.62
3410.62
3410.26
3410.26
3410.26
3410.26
3410.26
3405.46
3405.46
3403.72
3403.6
3385.3
3385.3
3385.3
3385.3
3385.3
3385.3
3385.3
3385.3
3385.3
3385.3
3380.16
3380.16
3380.16
3380.16
3380.16
3380.16
3380.16
3380.16
3370.94
3370.94
3367.98
3367.98
3367.98
3364.74
3363.86
3324.14
3324.06
3324.06
3324.06
3324.06
3324.06
3312.2
3312.2
3312.2
3312.2
3312.2
3312.2
3309.48
3307.84
3307.84
3307.84
3307.84
3307.84
3307.84
3307.84
3293.56
3293.56
3293.56
3291.92
3290.76
3275.96
3275.96
3275.96
3273.7
3263.64
3263.64
3257.98
3257.98
3244.26
3244.26
3244.26
3239.14
3239.14
3239.14
3231.32
3231.32
3231.32
3231.32
3231.32
3231.32
3231.32
3229.5
3219.8
3217.04
3217.04
3217.04
3217.04
3217.04
3215.58
3201.72
3201.72
3201.72
3194.46
3193.34
3193.34
3192.88
3192.88
3191.64
3182.16
3182.16
3182.16
3182.16
3182.16
3182.16
3182.16
3182.16
3159.42
3159.42
3159.42
3151.22
3151.22
3145.36
3145.36
3145.36
3144.04
3144.04
3138.78
3136.68
3133.24
3133.24
3123.56
3123.56
3123.56
3123.56
3123.56
3114.94
3114.94
3114.94
3107.86
3099.1
3098.96
3098.96
3096.48
3096.48
3094.64
3094.32
3094.32
3078.72
3066.66
3051.8
3051.8
3048.06
3047.14
3047.14
3047.14
3045.62
3045.62
3045.62
3045.62
3045.62
3045.62
3045.62
3045.62
3039
3039
3008.8
3008.8
3008.68
2998.68
2998.68
2998.68
2998.68
2998.68
2998.3
2998.3
2998.3
2990.22
2986.28
2980.08
2980.08
2973.52
2973.52
2973.52
2971.18
2971.18
2971.18
2961.92
2953.54
2953.54
2953.54
2943.34
2943.34
2930.88
2922.74
2922.74
2922.74
2922.74
2919.7
2919.7
2919.7
2914.24
2914.24
2914.24
2914.24
2880.26
2865.62
2865.62
2865.62
2856.12
2829.58
2829.58
2829.58
2829.58
2828.26
2828.26
2828.26
2828.26
2827.36
2827.36
2827.36
2816.1
2816.1
2816.1
2816.1
2816.1
2816.1
2816.1
2816.1
2816.1
2798.42
2792.1
2792.1
2776.12
2776.12
2776.12
2776.12
2776.12
2776.12
2776.12
2776.12
2769.38
2769.38
2758.36
2758.36
2758.36
2758.36
2758.36
2758.36
2742.52
2737.6
2720.36
2698.6
2698.6
2698.6
2698.6
2698.6
2698.6
2698.6
2686.58
2686.58
2686.58
2686.58
2686.58
2679.44
2679.44
2672.44
2672.44
2672.44
2672.44
2671.08
2671.08
2661.9
2661.9
2657.46
2657.46
2657.46
2651.22
2651.16
2642.64
2634.56
2634.56
2626.42
2626.42
2626.42
2622.28
2614.06
2602.18
2596.4
2596.34
2596.34
2584.16
2584.16
2576.76
2576.7
2576.7
2575.84
2563.62
2558.58
2558.58
2524.36
2502.46
2502.46
2502.46
2502.46
2502.46
2486.26
2483.76
2483.76
2483.76
2472.42
2472.42
2472.42
2472.42
2470.82
2463.74
2452.68
2448.2
2448.2
2448.2
2448.2
2448.2
2448.2
2448.2
2448.2
2448.2
2448.2
2448.2
2445
2445
2437.84
2423.62
2423.62
2423.62
2423.62
2423.62
2423.62
2423.62
2418.42
2418.42
2418.42
2418.42
2418.42
2418.42
2418.42
2418.42
2417.7
2409.18
2409.18
2409.18
2409.18
2409.18
2409.18
2409.04
2409.04
2409.04
2409.04
2409.04
2409.04
2409.04
2400.32
2400.32
2400.32
2400.32
2400.32
2400.32
2400.32
2400.32
2397.56
2394.5
2394.5
2390.6
2390.6
2390.6
2390.6
2390.2
2390.2
2390.2
2390.2
2374.32
2374.32
2374.32
2374.32
2371.52
2371.52
2365.28
2365.28
2361.26
2361.26
2361.26
2359.68
2357.6
2352.54
2338.7
2338.7
2336.48
2333.08
2333.08
2333.08
2332.14
2322.3
2317.38
2316.2
2316.2
2316.16
2313.78
2303.54
2293.94
2293.94
2279.36
2279.36
2279.36
2279.36
2271.74
2271.74
2271.74
2271.74
2271.74
2271.74
2271.74
2269.44
2269.44
2269.44
2269.44
2269.44
2268.34
2268.34
2268.34
2266.96
2261.14
2261.04
2261.04
2261.04
2261.04
2261.04
2261.04
2261.04
2261.04
2261.04
2261.04
2261.04
2261.04
2261.04
2252.84
2235.7
2235.7
2232.8
2229.58
2228.76
2217.7
2217.7
2217.7
2217.7
2206.68
2206.68
2206.68
2206.68
2206.68
2204.98
2204.98
2204.98
2204.98
2204.98
2204.98
2201.66
2201.66
2201.66
2201.66
2201.54
2201.54
2201.54
2201.54
2201.54
2201.54
2199.62
2199.62
2199.48
2198.14
2197.12
2186.7
2184.28
2170.86
2170.86
2161.34
2161.34
2161.34
2161.34
2161.34
2161.34
2155.74
2149.54
2148.3
2148.3
2148.3
2148.3
2140.32
2131.86
2131.86
2131.86
2131.86
2120.26
2107.54
2107.54
2107.54
2107.54
2107.54
2102.62
2102.62
2099.9
2091.4
2091.4
2091.4
2091.4
2091.4
2091.4
2088.42
2085.32
2085.32
2085.32
2085.32
2085.32
2080.88
2080.88
2080.88
2080.88
2080.88
2080.88
2080.88
2079.94
2079.94
2078.14
2069.16
2067.44
2061.76
2061.76
2061.76
2061.76
2061.76
2058.3
2058.3
2058.3
2058.3
2058.3
2058.3
2058.3
2058.3
2047.42
2047.42
2047.42
2043.12
2043.12
2043.12
2043.12
2037.4
2027.86
2017.54
2017.54
2017.54
2017.54
2017.54
2017.52
2013.5
2013.5
2013.5
2013.02
2013.02
2013
2012.06
2003.96
2003.96
2003.38
1995.7
1995.7
1995.7
1990.38
1990.38
1987.76
1981.06
1981.06
1981.06
1981.06
1981.06
1981.06
1981.06
1981.06
1971.46
1971.46
1949.3
1934.64
1928.46
1928.46
1917.98
1917.98
1917.98
1914.46
1914.46
1914.46
1914.46
1914.46
1906.28
1906.28
1899.38
1899.24
1899.24
1899.24
1899.24
1864.2
1863.7
1861.02
1856.94
1856.94
1856.94
1849.64
1849.64
1849.64
1849.64
1848.62
1848.62
1848.62
1848.62
1848.62
1847.88
1847.88
1847.88
1847.88
1847.88
1847.88
1847.88
1847.88
1847.62
1844.28
1844.28
1844.28
1843.58
1840.24
1840.24
1840.24
1840.24
1839.9
1839.9
1839.9
1839.9
1839.9
1825.74
1819.46
1819.46
1819.46
1819.46
1819.46
1819.14
1819.14
1819.14
1819.14
1819.14
1819.14
1816.44
1812.96
1812.96
1812.96
1797.5
1797.5
1797.5
1797.5
1797.5
1795.42
1795.42
1795.42
1795.42
1788.62
1788.62
1788.62
1788.32
1772.12
1772.12
1762.54
1743.64
1743.64
1743.24
1741.36
1741.36
1741.36
1735.92
1725.04
1725.04
1725.04
1724.02
1703.1
1699.16
1699.16
1699.16
1699.16
1698.06
1698.06
1698.06
1693.64
1693.64
1691.64
1691.64
1691.64
1691.64
1691.64
1687.6
1687.6
1687.6
1686.84
1680.56
1680.56
1668.86
1668.86
1668.86
1657.92
1657.92
1657.92
1657.64
1657.64
1657.64
1657.64
1657.64
1657.64
1657.64
1657.44
1655.78
1655.78
1655.78
1654.74
1654.74
1654.74
1654.74
1654.74
1654.74
1652.38
1652.38
1652.38
1652.38
1652.38
1652.38
1652.38
1652.38
1651.14
1635.98
1632.96
1629.28
1625.86
1623.88
1623.88
1623.88
1623.88
1619.84
1619.84
1611.76
1611.76
1611.76
1609.54
1609.54
1609.54
1609.54
1609.54
1609.54
1607.66
1607.66
1607.66
1607.66
1607.66
1607.66
1607.66
1607.66
1607.66
1607.66
1607.66
1606.44
1606.44
1606.44
1606.44
1606.44
1602
1600.12
1600.12
1600.12
1600.12
1595.32
1595.32
1595.32
1595.32
1595.32
1595.32
1588.3
1588.3
1588.3
1588.3
1588.3
1588.3
1588.2
1587.1
1587.1
1587.1
1584.38
1577.98
1577.98
1577.98
1570.6
1569.82
1569.82
1569.08
1569.08
1569.08
1564.44
1561
1561
1560.54
1560.54
1560.54
1551.5
1545.14
1540.4
1537.72
1537.72
1528.04
1528.04
1528.04
1527.72
1527.72
1527.2
1527.2
1527.2
1527.2
1527.2
1527.2
1527.2
1527.2
1527.2
1527.2
1524.16
1524.16
1524.16
1524.16
1524.16
1524.16
1524.16
1515.2
1509.7
1509.7
1506.6
1506.56
1500.7
1500.7
1500.7
1500.7
1500.3
1500.3
1497.24
1497.24
1497.24
1497.24
1497.24
1497.24
1497.24
1497.24
1497.24
1497.24
1497.24
1497.24
1497.24
1497.24
1497.24
1494.42
1494.42
1494.42
1494.42
1493.98
1488.24
1488.24
1473.98
1473.98
1473.98
1458.78
1449.34
1449.34
1449.2
1449.2
1443.38
1443.38
1443.38
1435.8
1435.8
1435.8
1430.66
1421.42
1421.42
1421.42
1412.44
1412.44
1402.78
1402.78
1402.78
1399.02
1397.06
1397.06
1397.06
1396.44
1396.44
1396.44
1392.94
1392.94
1392.94
1392.94
1387.08
1377.48
1377.48
1377.48
1377.48
1377.48
1377.48
1377.48
1377.48
1377.48
1377.48
1377.48
1375.32
1370.26
1370.26
1370.26
1370.26
1370.26
1370.26
1370.26
1370.26
1370.26
1370
1363.48
1359.08
1359.08
1357.44
1357.44
1357.44
1357.44
1357.44
1355
1355
1355
1355
1355
1355
1355
1355
1355
1355
1354.28
1343.28
1337.68
1333.28
1333.28
1331.34
1331.34
1331.34
1331.34
1331.34
1329.24
1329.24
1329.24
1329.24
1323.46
1323.46
1323.46
1323.46
1323.46
1323.46
1323.46
1323.46
1320.34
1320.34
1320.34
1320.34
1320.34
1320.34
1313.52
1311.92
1311.92
1310.52
1309.02
1306.38
1306.38
1306.38
1303.24
1295.84
1294.3
1289.94
1289.04
1289.04
1286.84
1284.46
1284.42
1282.38
1277.6
1277.6
1277.6
1277.24
1268.48
1268.48
1260.48
1260.48
1260.48
1260.48
1253.66
1253.66
1249
1239.04
1239.04
1239.04
1239.04
1237.82
1233.08
1231.08
1230.72
1230.72
1224.9
1224.9
1224.6
1224.6
1222.64
1222.64
1222.64
1222.64
1222.64
1222.64
1222.64
1222.64
1222.64
1222.64
1222.64
1222.64
1222.64
1222.64
1222.64
1222.64
1222.64
1222.64
1216.96
1216.96
1216.96
1216.42
1216.42
1216.42
1216.42
1212.08
1212.08
1212.08
1211.6
1210.12
1207.36
1205.2
1202.92
1202.92
1199.1
1199.1
1195.02
1195.02
1195.02
1194.32
1194.32
1192.06
1192.06
1192.06
1192.06
1192.06
1189.6
1183.18
1183.18
1180.5
1180.5
1180.5
1180.5
1176.94
1170.78
1170.78
1168.3
1168.3
1168.3
1167.04
1162.84
1162.84
1162.62
1162.4
1157.48
1155.18
1155.18
1149.38
1149.14
1148.16
1148.12
1148.12
1148.12
1145.5
1145.3
1145.3
1145.3
1145.3
1145.3
1145.3
1143.14
1138.52
1136.1
1136.1
1136.1
1136.1
1133.56
1133.56
1132.94
1132.94
1132.94
1132.12
1132.06
1127.64
1127.64
1126.16
1126.16
1126.16
1126.16
1126.16
1126.16
1126.16
1117.78
1116.14
1116.14
1116.14
1116.14
1116.14
1116.14
1116.14
1116.14
1110.08
1110.08
1110.08
1110.08
1110.08
1110.08
1110.08
1106.9
1106.9
1106.9
1101.76
1101.76
1100.08
1100.08
1099.86
1099.86
1099.86
1099.86
1097.5
1097.5
1092.8
1092.22
1088.6
1088.6
1088.6
1088.6
1083.88
1083.88
1083.88
1083.88
1083.88
1082.54
1082.54
1082.54
1082.54
1081.16
1081.16
1081.16
1081.16
1073.32
1073.32
1073.32
1072.62
1072.62
1071.64
1071.64
1070.3
1062.86
1062.34
1062.34
1059.8
1056.24
1056.24
1056.24
1053.92
1051.14
1042.22
1037.68
1036.12
1035.52
1035.52
1033.6
1033.48
1033.48
1033.48
1033.48
1032.14
1032.14
1025.9
1025.9
1025.9
1025.9
1025.9
1024.46
1024.46
1024.46
1012.14
1012.14
1012.14
1012.14
1006.3
1006.3
1006.3
1006.3
1005.9
1005.9
1005.9
1005.9
1005.1
1005.1
1004.58
1004.58
1003.22
1003.22
1003.22
1000.14
995.16
995.16
991.28
991.28
989
989
989
989
988.64
985.32
985.32
980.76
980.76
980.76
980.76
980.76
980.02
976.68
976.68
976.68
976.68
976.68
976.68
974.04
974.04
973.6
973.6
973.6
973.6
973.6
971.6
971.6
971.6
970.78
970.78
970.78
968.8
962.5
961.66
961.66
959.68
959.68
952.88
951.34
951.34
948.08
948.08
948.04
945.56
942.82
942.82
938.28
938.28
938.22
936.7
936.7
936.7
936.7
936.44
936.44
935.3
926.7
926.7
926.7
922.14
922.14
922.14
922.14
922.14
921.48
921.48
921.48
921.48
920.46
920.46
920.46
920.46
920.46
920.46
911.38
907.7
904.28
903.48
903.48
896.02
896.02
892.14
892.14
892.14
892.14
892.14
892.14
886.4
886.4
886.4
886.4
886.4
886.4
886.4
886.4
883.96
883.96
883.96
883.96
883.96
883
879
878.1
878.1
878.1
878.1
878.1
878.1
878.1
877.18
877.18
875.46
873.42
864.28
864.28
864.28
864.28
864.28
864.26
864.26
864.26
862.22
859.96
859.96
859.96
859.96
858.4
858.4
858.4
858.4
858.4
857.08
857.08
856.92
856.92
856.92
853
853
853
851.02
851.02
851.02
851.02
851.02
846.66
846.66
846.66
845.1
841.48
837.92
835.74
835.74
835.74
833.58
833.58
832.52
832.52
831.88
831.88
831.88
831.88
831.88
829.14
829.14
829.14
829.14
828.72
828.72
823.58
822.42
822.42
820.38
820.38
820.38
820.38
817.48
815.22
815.22
812.46
812.46
812.46
812.46
812.38
812.38
812.38
812.38
812.38
812.38
812.38
812.38
812.38
812.38
812.18
812.18
812.18
812.18
812.18
811.94
811.94
811.94
810.54
810.54
810.54
810.54
808.8
808.8
808.8
808.8
808.76
808.76
807.36
807.04
806.4
806.4
806.4
806.4
806.4
803.66
803.66
798.5
798.5
798.5
798.5
798.14
798.14
798.14
798.14
796.1
796.1
796.1
789.1
788.62
788.62
788.4
788.4
788.4
788.4
788.4
788.36
785.18
785.18
785.18
785.18
783.28
783.28
782.32
782.32
782.32
781.88
776.24
770.96
770.96
770.96
770.94
770.94
768.54
768.54
768.54
768.54
768.54
768.54
763.08
763.08
763.08
763.08
762.1
761.98
761.98
761.24
759.78
759.78
757.9
757.9
757.9
753.04
751.64
749.42
749.42
748.74
747.86
747.86
747.86
747.78
747.78
744.14
744.14
744.14
744.14
742.86
742.86
742.86
742.86
742.86
742.86
742.86
741.5
741.5
741.5
741.5
741.5
741.5
741.5
741.08
741.08
739.88
739.88
739.88
739.88
739.88
739.88
737.82
737.82
735.24
735.24
735.22
735.22
733.8
732.84
732.84
732.84
732.84
732.2
732.2
732.2
732.2
732.2
732.2
732.2
732.2
727.4
727.4
727.4
727.4
725.86
725.86
725.86
725.86
719
719
719
719
719
719
719
717.58
714.64
713.68
713.68
713.68
712.52
711.62
710.8
710.06
708.6
706.06
706.06
704.72
704.72
704.72
704.72
704.42
703.14
703.14
703.14
703.14
703.14
702.18
698.9
698.9
698.68
698.68
696.92
696.68
696.68
693.78
690.98
690.42
690.42
690.42
689.38
689.38
688.98
688.98
687.24
687.24
687.24
687.24
687.24
687
687
686.48
686.48
684.54
684.54
684.52
684.36
684.26
679.98
679.98
679.12
676.46
676.46
676.46
676.46
674.26
674.26
672.08
670.54
669.16
668.48
667.88
666.1
665.58
665.58
664.94
664.94
664.86
664.86
662.86
659.2
659.2
659.2
657.64
657.64
655.8
655.6
655.6
654.24
654.24
654.24
651.08
651.08
651.08
647.58
647.58
644.58
644.58
643.44
643.04
642.94
642.94
642.94
642.94
640.74
640.74
640.74
638.02
638.02
638.02
634.76
630.78
630.78
629.64
629.64
629.5
629.5
629.5
628.66
627.86
627.86
627.86
626.44
626.44
626.44
623.68
622.1
622.1
622.1
620.06
619.2
619.2
615.72
615.72
615.72
612.92
612.92
612.02
611.64
611.64
611.64
611.64
611.64
611.56
608.32
608
608
608
608
608
607.84
607.84
607
607
607
607
607
607
606.52
606.52
606.52
606.14
606.14
606.14
605.16
605.16
605.16
602.2
601
601
600.94
598.94
598.28
597.32
597.32
597.32
596.92
594.56
594.56
594.56
593.34
593.34
593.34
593.34
593.34
593.34
593.34
593.34
590.98
590.98
590.98
590.52
590.52
590.52
590.52
590.52
590.52
590.52
590.52
590.52
589.14
589.14
585.72
585.72
585.48
585.48
584.42
583.82
582.36
582.12
582.12
581.82
581.82
581.82
581.82
581.7
581.7
581.7
580.74
580.74
579.22
579.22
578.14
576.84
575.38
574.36
574.36
574.36
572.82
572.82
572.82
572.82
569.48
568.42
567.74
566.4
564.54
564.54
564.54
564.54
556.72
556.72
555.1
555.1
555.1
554.24
554.16
554.16
552.34
552.34
550.54
545.7
545.7
545.7
545.7
545.7
545.7
545.7
544.94
544.94
544.94
544.94
544.94
544.94
544.94
544.6
544.6
544.6
540.48
537.1
537.1
537.1
536.88
536.88
536.82
536.82
536.82
535.98
535.98
535.98
535.98
535.84
532.96
529
529
529
529
529
527.94
525.68
525.68
525.58
525.58
525.58
524.34
521.76
521.76
521.76
521.76
521.76
519.64
519.64
519.64
519.64
518.66
518.66
517.78
516.12
515.02
514.18
514.18
513.28
513.08
513.08
510.3
508.28
499.94
498.38
494.38
494.38
492.8
492.26
489.66
489.66
489.66
489.66
489.66
489.66
489.66
487.58
487.58
487.58
486.9
486.9
485.54
485.54
485.16
485.16
485.16
484.04
483.46
483.46
483.46
483.46
483.46
480.88
480.36
479.92
479.92
479.24
473.42
471.32
470.36
469.9
469.9
469.9
469.9
469.9
469.9
469.9
469.9
469.9
469.9
469.4
468.32
468.32
467.84
467.84
467.44
467.38
466.96
466.96
466.96
466.24
466.24
465.9
465.64
463.7
463.7
463.7
462.74
462.74
462.74
462.74
462.74
462.06
462.06
462.06
462.02
461.42
461.42
461.42
461.42
461.42
458.18
457.96
457.96
457.96
457.96
457.96
457.96
456
456
456
455.7
455.7
455.7
455.34
453.88
453.88
451.36
450.1
448.12
447.58
447
447
444.12
440.98
438.54
438.54
438.54
438.54
438.54
438.54
438.54
438.18
438.18
438.18
438.18
438.18
438.18
438.18
438.18
438.18
438.04
438.04
438.04
438.04
434.98
434.74
433.96
433.4
432.78
432.78
432.78
432.78
432.78
431.72
430.32
429.92
429.92
429.92
429.92
429.92
428.56
428.56
428.56
428.56
426
426
426
425.9
425.28
423.82
423.82
423.82
423.4
423.4
423.4
421.1
420.68
420.66
419.92
419.92
419.78
419.78
417.14
417.14
417.14
417.14
417.14
417.14
417.14
417.14
417.14
417.14
416.82
416.82
416.82
416.74
416.74
416.74
416.74
416.74
416.74
416.4
416.4
416.4
416.4
416.4
416.4
414.84
414.84
414.84
414.18
413.96
413.96
413.14
413.14
411.44
411.44
411.44
410.28
410.04
410.04
409.64
405.08
405.08
405.08
405.08
405.08
405.08
402.52
402.52
401.02
400.96
399.92
398.16
398.16
397.9
397.9
397.38
397.38
395.42
395.42
394.08
394.08
394.08
393.78
393.36
392.1
392.1
392.1
392.1
392.1
392.1
392.1
392.1
392.1
392.1
392.1
392.1
391.54
389.94
389.94
389.94
389.94
389.94
389.9
389.16
386.74
386.74
385.88
385.54
385.54
384.1
384.1
384.1
382.5
382.5
382.36
380.92
380.92
379.72
376.66
376.66
375.9
375.9
375.9
375.9
375.16
375.16
375.16
375.16
375.16
375.16
375.16
374.26
373.36
373.36
373.36
373.36
372.8
372.8
372.66
370.72
370.72
370.72
370.72
370.72
369.98
369.98
369.98
369.98
369.98
369.68
369.68
369.68
369.68
367.52
367.52
367.52
367.52
363.86
363.86
362.02
361.2
359.48
359.48
359.48
358.48
358.48
358.48
358.48
358.48
358.48
358.48
358.48
358.48
358.48
358.48
358.48
358.48
357.1
357.1
356.36
356.36
356.24
356.24
355.92
355.92
355.92
355.92
355.92
355.92
355.66
355.66
355.66
355.66
354.9
354.66
354.66
352.44
352.44
352.44
352.44
352.44
352.2
352.2
352.2
351.42
350.88
350.82
350.82
348.96
348.96
348.96
348.96
348.96
348.76
348.76
348.76
348.76
348.76
348.76
348.76
348.76
348.76
348.76
348.76
348.76
348.76
348.7
348.7
348.18
348.18
348.18
348.18
347.42
347.42
347.42
347.42
347.42
347.42
347.42
347.22
346.82
346.82
346.82
346.82
346.82
346.74
346.74
346.74
346.74
345.74
345.24
345.24
345.24
345.24
343.5
343.5
343.2
341.74
341.74
341.74
341.74
341.06
338.76
338.28
338.28
337.78
334.28
333.9
333.28
330.78
330.78
330.56
330.56
330.22
330.22
330.22
330.22
329.76
329.76
329.18
329.18
329.18
327.86
325.06
325.06
325.02
325.02
324.96
324.96
324.96
324.96
324.96
323.52
323.52
323.52
323.52
323.42
323.34
323.34
323.18
323.18
323.18
323.18
323.18
322.68
321.4
321.4
321.4
321.4
321.4
321.4
320.58
320.58
320.48
320.42
320.42
319.94
319.94
319.94
319.82
318.84
318.84
318.84
316.92
316.34
316.34
315.5
315.5
315.5
315.5
315.5
315.5
315.5
315.5
315.5
315.22
315.22
312.44
312.22
311.16
311.16
311.16
311.16
311.16
310.54
309.54
309.54
308.56
307.18
305.9
305.9
305.9
305.9
305.68
305.38
304.64
304.64
304.42
303.98
303.98
302.82
302.74
301.44
298.72
298.72
298.3
298.1
297.82
295.7
295.24
294.86
294.86
294.86
294.6
294.6
294.6
294.6
292.74
292.58
291.94
291.94
291.36
291.36
291.36
291.04
291.04
291.04
290.06
289.94
289.94
288.76
288.72
288.72
288.72
288.72
288.72
288.28
288.28
288.28
288.28
288.28
288.18
285.98
285.98
284.04
283.62
283.62
283.62
283.62
283.04
283.04
283.04
283.04
282.22
282.22
282.22
282.22
282.22
282.22
282.22
282.22
279.68
279.68
279.68
279.68
279.68
279.68
279.68
279.68
279.68
279.68
279.68
279
278.68
278.68
278.68
278.68
277.7
276.38
276.38
274.62
274.62
274.62
274.62
272.24
272.24
272.24
272.24
272.24
272.24
272.24
271.14
271.14
271.14
270.52
268.22
268.22
267.06
267.06
264.42
264.4
264.4
263.76
262.92
262.92
262.02
261.64
261.64
260.98
260.98
260.98
260.98
260.98
260.8
260.8
260.46
260.46
259.2
258.84
258.84
258.84
256.9
256.7
254.84
253.6
253.52
253.52
253.52
253.52
253.52
253.52
253.52
253.52
253.52
253.52
253.52
253.52
253.52
253.52
253.52
253.52
253.02
252.86
252.86
251.32
251.32
250.06
250.06
250.06
250.06
250.06
250.06
249.3
248.56
248.56
248.56
248.56
247.38
247.38
247.38
246.72
246.72
246.58
246.58
246.2
246.2
246.2
246.2
246.2
246.2
246.2
246.2
246.2
244.8
244.8
244.8
244.3
243.1
242.42
242.42
241.62
241.62
241.42
241.42
240.92
240.92
240.92
240.92
240.92
240.92
240.92
240.92
240.76
240.76
240.76
239.84
239.84
238.04
237.22
237.22
237.22
237.22
237.22
237.22
237.22
237.22
235.1
234.78
234.34
233.14
233.14
233.14
233.14
232.38
232.38
232.38
231.06
231.06
231.06
231.06
231.06
231.06
231.06
231.06
231.06
231.06
231.06
231.06
231.06
231.06
231.06
230.5
230.5
230.5
230.5
230.5
229.62
229.62
229.62
229.18
229.18
229.18
228.82
228.82
228.4
227.22
227.22
227.22
226.5
226.5
226.5
226.5
226.2
225.36
224.86
224.86
224.86
224.86
224.86
224.08
224.08
223.78
222.98
222.74
222.74
222.08
221.64
221.64
221.64
221.64
221.64
221.64
221.64
221.64
221.64
221.42
221.24
220.9
219.1
219.1
218.26
217.58
217.58
217.58
217.58
217.58
217.58
217.58
217.58
217.58
217.58
217.58
216.98
215.8
215.68
215.68
215.68
215.22
215.22
215.12
214.82
214.82
214.38
213.52
213.5
213.06
212.14
212.14
211.46
211.46
211.46
211.46
211.46
211.46
211.46
211.46
211.46
211.46
211.4
210.38
210.38
210.38
209.84
209.84
209.84
209.42
209.42
209.06
209.06
209.06
209.06
208.12
208.12
207.4
207.4
207.4
206.7
206.7
206.7
206.7
206.7
206.46
206.42
205.64
205.52
205.22
204.52
204.52
204.52
204.52
204.2
203.8
203.8
203.74
203.74
203.74
203.74
203.66
203.66
203.06
203.06
202.66
202.66
202.1
201.5
201.5
201.5
201.5
201.5
201.5
201.5
201.08
201.08
200.58
200.58
200.58
200.58
200.2
200.2
200.2
199.84
199.84
199.84
199.2
199.2
199.2
199.2
199.2
199.2
199.2
198.88
198.88
198.88
198.82
198.82
198.14
198.02
196.58
196.26
196.26
195.7
195.64
195.12
195.12
195.08
195.08
194.94
194.48
194.28
194.16
193.48
193.48
192.26
191.56
191.5
191.18
191.18
191.18
191.04
191.04
191.04
191.04
190.5
190.5
190.5
190.5
190.4
190.4
190.4
190
190
189.4
189.4
189.4
189.4
189.28
189.28
189.28
189.28
189.28
188.58
188.58
188.44
188.44
188.4
188.4
188.4
188
187.94
187.94
187.94
187.74
187.74
187.74
187.56
187.56
187.56
187.54
187.54
187.54
187.54
187.4
187.4
187.18
187.18
187.18
187.18
187.18
187.18
187.18
187.12
187.12
187.04
187.04
187.04
187.04
187.04
186.76
186.3
186.3
186.3
186.3
186.3
186.3
185.08
185.08
185.08
185.08
185.08
184.94
183.6
183.6
183.6
183.6
183.18
183.1
183.1
183.1
182.22
182.22
182.22
182.22
182.06
181.26
181.26
181.26
181.26
181.26
181.26
181.26
181.26
181.08
181.08
181.08
181.02
181.02
178.94
177.94
177.84
177.84
177.84
177.84
177
175.7
175.66
175.66
175.66
175.66
175.66
175.48
175.48
175.48
175.48
175.48
175.48
175.48
175.48
175.48
175.48
175.26
174.42
174
173.36
173.12
173.12
173.12
173.06
173.06
172.1
172.02
172.02
171.74
171.74
171.72
171.72
171.72
171.24
171.24
171.22
171.22
171.22
171.22
171.22
170.86
170.48
170.48
170.48
170.48
169.98
169.98
169.98
169.98
169.86
169.86
169.78
169.64
169.64
169.64
169.64
169.64
169.12
169.12
169.12
169.12
169.12
169.12
168.92
168.92
168.92
168.56
168.56
168.36
168.36
168.32
167.56
167.56
167.56
166.9
166.76
166.76
166.72
166.06
165.76
165.74
165.66
165.54
165.54
165.54
165.5
165.4
164.58
164.58
164.56
164.02
164.02
163.88
163.56
163.34
163.34
163.06
163.02
163.02
163.02
162.16
161.2
160.58
160.58
160.58
160.58
160.58
160.58
160.24
159.48
159.06
158.64
158.64
158.64
157.14
157.14
157.02
157.02
157.02
154.96
154.86
154.86
154.3
154.3
154.1
154
153.84
153.84
153.04
153.04
153.04
153.04
153.04
153.04
152.86
152.86
151.92
151.92
151.92
151.92
151.92
151.92
151.92
151.38
150.88
150.88
150.88
150.64
150.64
150
149.86
149.86
149.86
148.98
148.72
148.56
148.56
148.56
148.56
148.56
148.42
148.42
148.42
148.42
148.42
147.7
147.7
147.54
147.34
147.34
147.28
147.28
146.88
146.1
146.1
145.88
145
143.88
143.82
143.82
143.76
143.76
143.3
143.3
143.3
143.3
143.3
143.3
143.3
143.3
142.8
142.34
142.28
142.28
142.04
141.62
140.16
140.02
140.02
139.94
139.94
139.28
138.82
138.82
138.82
138.82
138.82
137.88
137.04
136.5
135.88
135.64
135.64
135.64
135.64
135.64
135.28
135.22
135.22
135.06
135.02
135.02
134.9
134.9
134.9
134.9
134.7
134.7
134.7
134.7
134.7
134.7
134.7
134.7
134.7
134.24
134.24
133.84
133.84
133.84
133.46
133.22
133.22
132.98
132.98
132.98
132.98
132.36
132.36
131.9
131.74
131.74
131.74
131.56
131.56
131.56
131.56
131.56
131.56
131.24
131.24
130.82
130.72
130.72
130.72
130.72
130.72
130.72
130.72
130.72
130.16
129.84
129.6
129.6
129.6
129.6
129.52
129.52
128.88
128.88
128.88
128.88
128.64
128.64
128.48
128.48
128.26
128.26
127.98
127.38
127.38
126.86
126.56
126.56
125.36
125.36
125.36
125.36
125.36
125.36
124.84
124.68
124.68
124.68
124.68
124.68
124.68
124.68
124.6
124.58
124.06
123.98
123.98
123.98
123.98
123.98
123.92
122.74
122.44
122.44
122.22
122.22
122.22
122.06
122.06
122.06
122.06
122.06
122.06
122.06
122.06
122.06
121.92
121.88
121.7
121.4
120.9
120.9
120.9
120.9
120.9
120.78
120.78
120.5
120.5
120.2
120.2
120.2
120.2
120.2
120.2
120.2
120.2
120.2
120.2
119.44
119.44
119.44
119.26
119.26
119.24
119.24
119.24
119.24
119.24
119.24
119.18
118.52
118.2
117.92
117.92
117.8
117.8
117.8
117.6
117.6
117.6
117.6
117.6
117.6
117.6
117.6
116.06
116.06
115.74
115.74
115.74
115.74
115.68
115.68
115.68
115.68
115.5
115.5
115.44
115.44
115.44
115.44
115.36
115.36
114.54
114.54
114.54
114.54
114.18
114.18
113.84
113.84
113.84
113.68
112.96
112.96
112.96
112.96
112.96
112.78
112.78
112.02
112.02
111.72
111.58
111.58
111.58
111.32
111.32
111.32
111.32
111.32
111.08
110.56
110.56
110.56
110.56
110.08
109.86
109.86
109.58
109.58
109.58
109.46
109.46
109.46
109.46
109.36
109.36
109.36
109.36
109.36
109.36
109.36
109.16
108.98
108.98
108.98
108.98
108.98
108.98
108.76
108.76
108.16
108.16
108.16
108.16
108.16
107.86
107.84
107.84
107.84
107.84
107.72
106.82
106.82
106.82
106.34
106.34
106.26
106.26
105.72
105.72
105.02
105.02
104.92
104.74
104.74
104.02
104.02
104.02
104.02
104.02
103.76
103.72
103.46
103.46
102.64
102.32
101.88
101.88
101.88
101.88
101.88
101.7
101.7
101.7
101.2
101.12
101.12
101.12
101.12
101.12
100.82
100.82
100.62
100.62
100.62
100.62
100.56
100.56
100.56
100.02
99.92
99.92
99.46
99.46
99.46
99.18
99.18
99.14
99.14
98.94
98.94
98.94
98.94
98.94
98.82
98.82
98.6
98.38
98.38
98.38
98.32
98.26
98.26
98.26
98.12
98.12
98.12
98.12
98.12
98.12
98.12
97.76
97.66
97.66
97.66
97.66
97.6
97.6
97.6
97.6
97.6
97.6
97.22
97.22
97.22
97.22
97.22
96.5
96.5
96.4
96.4
96.4
96.4
96.4
96.4
96.4
96.4
95.9
95.9
95.9
95.62
95.62
95.62
95.34
95.34
95.34
95.34
95.34
95.14
94.78
94.76
94.76
94.76
94.76
94.22
94.22
94.22
94.22
94.22
94.22
94.2
93.44
93.44
93.44
92.76
92.76
92.76
92.58
92.58
92.58
92.24
92.24
91.62
91.62
91.46
91.34
91.16
91.14
91.14
91.14
91.14
90.92
90.92
90.92
90.92
90.7
90.42
90.1
90.1
89.66
89.66
89.66
89.48
89.2
89.2
89.16
89.16
89.16
89.1
89.1
89.1
88.42
88.42
88.42
88.42
88.42
87.94
87.7
87.64
87.64
87.64
87.26
86.64
86.64
86.64
86.64
86.64
86.64
86.64
86.64
86.4
86.4
86.18
86.18
86.18
86.18
86.18
85.8
85.62
85.62
85.3
85.26
85.26
85.26
85.26
85.26
85.26
85.26
85.02
85.02
84.76
84.76
84.76
84.3
84.28
84.28
84.18
83.92
83.9
83.66
83.4
83.4
83.4
83.4
83.4
83.02
83.02
83.02
83.02
82.7
82.5
82.5
82.5
82.34
82.34
82.34
82.34
82.34
82.16
82.16
82.16
81.98
81.92
81.92
81.92
81.9
81.9
81.9
81.9
81.9
81.9
81.9
81.9
81.88
81.88
81.88
81.88
81.32
81.32
81.32
81.14
81.14
81.14
80.98
80.98
79.64
79.64
79.64
79.64
79.64
79.64
79.64
79.64
79.62
79.62
79.62
79.6
79.6
79.6
79.4
79.4
79.4
79.1
79.1
78.82
78.82
78.82
78.36
78.1
77.98
77.98
77.98
77.98
77.98
77.86
77.86
77.84
77.84
77.82
77.04
76.52
76.44
76.4
76.08
76.08
76.08
75.92
75.92
75.92
75.92
75.8
75.68
75.68
75.68
75.68
75.68
75.68
75.68
75.68
75.34
75.34
75.34
75.34
74.52
74.52
74.52
74.26
74.26
74.26
74.1
73.96
73.66
73.66
73.66
73.66
73.66
73.54
73.54
73.54
73.54
73.54
73.54
73.54
73.54
73.52
73.52
73.52
73.52
73.52
73.52
73.52
73.52
73.52
73.52
73.28
73.28
73.28
73.28
73.28
73.28
73.2
73.2
73.2
73.2
72.92
72.48
72.48
72.48
72.48
72.48
72.48
72.48
72.48
72.48
72.26
72.26
72.26
72.26
72.26
72.18
72.18
72.18
71.82
71.82
71.82
71.82
71.82
71.82
71.72
71.12
71.12
71.12
71.12
71.12
71.12
70.88
70.66
70.66
70.14
70.06
69.86
69.78
69.78
69.78
69.78
69.7
69.68
69.68
69.68
69.68
69.68
69.58
69.58
69.58
69.4
69.36
68.72
68.6
68.24
68.16
68.16
68.16
68.16
68.16
67.88
67.88
67.88
67.66
67.54
67.38
67.38
67.24
67.18
67.18
67.12
67.12
67.12
67.12
66.76
66.76
66.76
66.76
66.76
66.72
66.72
66.72
66.58
66.58
66.58
66.58
66.58
66.58
66.58
66.58
66.5
66.5
66.5
66.5
66.5
66.5
66.36
66.36
66.36
66.36
66.36
66.36
66.32
66.32
66.32
66.32
66.32
66.32
66.32
66.28
65.9
65.84
65.84
65.8
65.8
65.64
65.58
65.58
65.02
65.02
65.02
65.02
65.02
65.02
65.02
65.02
64.88
64.88
64.88
64.88
64.88
64.88
64.76
64.76
64.72
64.72
64.62
64.62
64.62
64.56
64.56
64.56
64.56
64.52
64.52
64.42
64.42
64.36
64.36
64.36
64.2
64.06
63.9
63.9
63.9
63.9
63.74
63.66
63.66
63.64
63.52
63.42
63.42
63.42
63
62.94
62.94
62.8
62.8
62.54
62.54
62.46
62.1
62.06
61.88
61.88
61.88
61.7
61.7
61.7
61.56
61.22
61.22
61.22
61.22
61.22
61.16
61.16
61.16
61.16
61.16
61.1
60.84
60.84
60.84
60.78
60.78
60.78
60.78
60.78
60.78
60.78
60.78
60.78
60.78
60.78
60.78
60.78
60.78
60.78
60.72
60.72
60.72
60.72
60.5
60.5
60.5
60.5
60.5
60.5
60.5
60.5
60.46
60.44
60.44
60.44
60.28
60.28
60.28
60.28
60.28
60.28
60.28
60.28
60.22
60.22
60.22
60.08
60.08
60.08
60.06
59.82
59.8
59.56
59.42
59.42
58.8
58.8
58.8
58.36
58.36
58
58
58
58
58
58
58
57.76
57.64
57.18
56.92
56.92
56.92
56.92
56.92
56.92
56.92
56.84
56.68
56.68
56.58
56.58
56.58
56.58
56.48
56.12
56.12
56.12
56.12
56.1
56.1
56.1
56.06
56.06
56.06
56.06
55.98
55.98
55.98
55.98
55.98
55.86
55.64
55.64
55.64
55.64
55.24
55.24
55.12
55.12
55.08
55.08
55.08
55.08
55.08
55.08
55.08
55.08
55.08
55.02
55.02
54.96
54.96
54.9
54.8
54.8
54.8
54.8
54.7
54.7
54.7
54.7
54.4
54.32
53.76
53.46
53.46
53.46
53.46
53.46
53.46
53.4
53.4
53.26
53.22
52.98
52.9
52.9
52.9
52.9
52.64
52.52
52.28
52.28
52.28
51.96
51.96
51.96
51.96
51.96
51.96
51.8
51.62
51.62
51.62
51.62
51.62
51.62
51.56
51.3
51.1
51.1
51.1
51.1
50.66
50.66
50.62
50.56
50.56
50.52
50.52
50.52
50.52
50.52
50.52
50.52
50.5
50.46
50.36
50.36
49.82
49.72
49.62
49.62
49.56
49.48
49.48
49.48
49.48
49.48
49.22
49.22
49.2
49.2
49.2
49.2
49.2
49.2
49.04
49.04
48.88
48.74
48.74
48.5
48.5
48.48
48.48
48.48
48.38
48.38
48.24
48.08
48.08
48.08
48.08
48.08
48
47.98
47.98
47.98
47.98
47.96
47.96
47.86
47.6
47.6
47.6
47.6
47.6
47.6
47.6
47.6
47.3
47.24
47.12
47.04
47.04
47.04
46.94
46.94
46.94
46.84
46.64
46.42
46.42
46.1
46.1
46.1
46.1
46.02
46.02
46.02
46
45.96
45.96
45.96
45.96
45.96
45.96
45.96
45.9
45.5
45.5
45.08
45.08
44.84
44.84
44.84
44.84
44.5
44.24
44.24
44.24
44.24
44.24
44.24
44.24
44.24
44.24
44.24
44.16
44.16
44.14
44.14
44.14
44.14
44.14
44.14
44.02
44.02
44.02
44.02
43.86
43.86
43.78
43.7
43.7
43.7
43.7
43.7
43.66
43.66
43.64
43.64
43.64
43.64
43.64
43.58
43.44
43.44
43.44
43.44
43.44
43.44
43.44
43.3
43.3
43.3
43.3
43.28
43.28
43.22
43.22
43.22
43.1
43.1
43.1
43.1
43.1
43.1
43.1
43.1
43.1
43.1
43.1
42.98
42.98
42.98
42.98
42.98
42.98
42.88
42.88
42.88
42.86
42.86
42.86
42.86
42.82
42.82
42.82
42.82
42.66
42.66
42.54
42.54
42.54
42.54
42.52
42.52
42.52
42.46
42.46
42.46
42.46
42.46
42.44
42.02
42.02
42.02
42.02
41.9
41.82
41.82
41.76
41.76
41.76
41.76
41.76
41.54
41.54
41.54
41.54
41.54
41.46
41.46
41.46
41.46
41.4
41.4
41.4
41.4
41.3
41.3
41.2
41
41
41
40.76
40.74
40.74
40.74
40.58
40.34
40.34
40.34
40.2
40.2
39.9
39.8
39.8
39.8
39.8
39.8
39.62
39.5
39.4
39.4
39.4
39.4
39.4
39.4
39.4
39.4
39.38
39.38
39.34
39.34
39.2
39.2
39.2
39.2
39.12
39.02
38.88
38.52
38.38
38.24
38.24
38.24
38.24
38.24
38.22
38.22
38.22
38.08
38.08
38.08
38.06
38.02
38.02
38.02
37.9
37.74
37.74
37.74
37.68
37.44
37.44
37.36
37.36
37.34
37.34
37.34
37.2
37.08
37.02
36.98
36.98
36.98
36.98
36.98
36.98
36.94
36.94
36.94
36.92
36.92
36.92
36.88
36.8
36.8
36.8
36.8
36.8
36.6
36.58
36.58
36.5
36.38
36.38
36.38
36.38
36.38
36.38
36.36
36.32
36.32
36.22
36.22
36.22
36.08
36.08
36.08
36.08
36.08
36.08
36.08
36.08
36.08
36.08
36.08
36.08
36.08
35.86
35.86
35.86
35.86
35.86
35.86
35.86
35.86
35.82
35.82
35.82
35.82
35.8
35.8
35.76
35.76
35.76
35.64
35.54
35.54
35.28
35.28
35.28
35.26
35.26
35.26
35.2
35.2
35.2
35.2
35.02
35.02
35.02
35.02
34.94
34.94
34.94
34.94
34.94
34.7
34.7
34.7
34.7
34.62
34.52
34.34
34.34
34.32
34.32
33.96
33.9
33.9
33.88
33.84
33.84
33.84
33.84
33.84
33.84
33.84
33.84
33.7
33.7
33.6
33.34
33.34
33.34
33.34
33.34
33.34
33.34
33.34
33.34
33.2
33.2
33.2
33
33
33
33
33
32.98
32.96
32.96
32.94
32.94
32.94
32.94
32.94
32.9
32.9
32.9
32.9
32.9
32.9
32.9
32.78
32.76
32.76
32.76
32.76
32.76
32.76
32.76
32.76
32.76
32.76
32.76
32.76
32.76
32.76
32.76
32.76
32.76
32.6
32.46
32.46
32.46
32.22
32.22
32.12
32.06
32.06
32.02
31.94
31.9
31.84
31.66
31.66
31.66
31.66
31.66
31.52
31.48
31.46
31.46
31.46
31.44
31.26
31.26
31.12
31.12
31.12
31.04
31.04
31.04
31.04
31.04
31.04
30.82
30.8
30.8
30.8
30.8
30.8
30.74
30.74
30.74
30.72
30.72
30.72
30.66
30.5
30.5
30.5
30.5
30.5
30.5
30.5
30.5
30.5
30.5
30.44
30.42
30.34
30.34
30.34
30.34
30.28
30.28
30.28
30.28
30.28
30.28
30.12
30.12
30.12
30.12
30.12
30.12
30.12
30.12
30.12
30.12
30.12
30.12
30.12
30.02
30.02
30.02
30.02
30.02
30.02
29.98
29.98
29.98
29.98
29.98
29.98
29.98
29.98
29.98
29.92
29.88
29.88
29.88
29.88
29.88
29.72
29.72
29.72
29.72
29.68
29.62
29.54
29.54
29.54
29.54
29.54
29.54
29.54
29.54
29.48
29.48
29.34
29.34
29.18
29.18
29.18
29.18
29.12
29.12
29.12
29.12
29.12
29.12
29.06
29.06
29.06
29.06
29.06
29.06
29.02
29.02
29.02
28.96
28.92
28.82
28.82
28.82
28.82
28.8
28.54
28.48
28.22
27.84
27.84
27.84
27.84
27.76
27.76
27.7
27.7
27.64
27.64
27.64
27.56
27.56
27.56
27.56
27.56
27.56
27.56
27.56
27.56
27.56
27.54
27.48
27.48
27.48
27.48
27.48
27.44
27.22
27.22
27.22
27.22
27.14
27.14
27.14
27.14
27.06
27.06
27.02
27.02
27.02
26.94
26.94
26.94
26.94
26.94
26.84
26.76
26.76
26.58
26.58
26.58
26.58
26.54
26.52
26.52
26.52
26.52
26.36
26.36
26.36
26.36
26.18
26.18
26.18
26.18
26.18
26.14
26.14
25.98
25.98
25.98
25.98
25.98
25.98
25.9
25.9
25.9
25.78
25.78
25.7
25.7
25.7
25.64
25.62
25.62
25.62
25.58
25.58
25.54
25.54
25.54
25.52
25.52
25.52
25.52
25.52
25.52
25.52
25.46
25.46
25.46
25.46
25.46
25.46
25.46
25.46
25.46
25.46
25.44
25.44
25.44
25.42
25.42
25.42
25.42
25.34
25.34
25.34
25.34
25.26
25.24
25.24
25.1
25.1
25.1
25.08
25.08
25.08
25.08
25.08
25
25
25
24.9
24.9
24.9
24.9
24.88
24.86
24.86
24.86
24.82
24.82
24.82
24.82
24.82
24.78
24.78
24.78
24.76
24.76
24.64
24.64
24.64
24.58
24.58
24.54
24.46
24.4
24.4
24.36
24.36
24.36
24.36
24.24
24.24
24.24
24.24
24.2
24.2
24.2
24.2
24.2
24.14
24.14
24.06
24.06
24.06
24.06
24.06
23.96
23.96
23.96
23.94
23.94
23.94
23.82
23.82
23.82
23.74
23.74
23.74
23.68
23.68
23.68
23.56
23.56
23.56
23.56
23.56
23.56
23.56
23.56
23.56
23.56
23.5
23.42
23.42
23.36
23.36
23.2
23.2
23.14
23.14
23.14
22.88
22.88
22.88
22.88
22.74
22.74
22.74
22.74
22.74
22.74
22.74
22.74
22.74
22.66
22.66
22.66
22.66
22.66
22.66
22.66
22.66
22.66
22.6
22.6
22.6
22.6
22.6
22.6
22.6
22.6
22.56
22.56
22.56
22.56
22.56
22.54
22.54
22.4
22.32
22.32
22.32
22.32
22.3
22.2
22.2
22.2
22.2
21.96
21.92
21.84
21.68
21.68
21.68
21.68
21.68
21.66
21.6
21.6
21.58
21.54
21.4
21.4
21.4
21.38
21.32
21.3
21.14
21.14
21.14
21.14
21.12
21.12
21.12
21.12
21.12
21.12
21.12
21.04
20.86
20.86
20.86
20.8
20.8
20.64
20.64
20.64
20.64
20.64
20.64
20.64
20.6
20.6
20.6
20.6
20.54
20.54
20.48
20.36
20.36
20.36
20.34
20.34
20.34
20.24
20.24
20.16
20.16
20.14
19.9
19.9
19.86
19.86
19.86
19.86
19.86
19.86
19.86
19.86
19.86
19.86
19.78
19.76
19.58
19.58
19.58
19.58
19.58
19.58
19.58
19.58
19.58
19.58
19.58
19.56
19.56
19.48
19.48
19.48
19.48
19.4
19.34
19.34
19.34
19.3
19.3
19.16
19.16
19.14
19.14
19.04
19.04
19.04
19.04
19.04
19.04
18.98
18.98
18.98
18.98
18.98
18.98
18.98
18.98
18.98
18.96
18.92
18.92
18.92
18.82
18.82
18.82
18.82
18.82
18.82
18.78
18.78
18.78
18.78
18.7
18.7
18.64
18.62
18.5
18.5
18.5
18.5
18.5
18.5
18.48
18.42
18.38
18.38
18.34
18.34
18.26
18.26
18.26
18.26
18.26
18.26
18.22
18.22
18.22
18.22
18.16
18.14
18.14
18.14
18.14
18.14
18.14
18.14
18.14
18.08
18.08
18.08
18.08
18.08
18
17.94
17.94
17.92
17.92
17.92
17.92
17.92
17.92
17.92
17.92
17.92
17.92
17.92
17.92
17.88
17.88
17.88
17.88
17.88
17.86
17.86
17.82
17.8
17.8
17.8
17.8
17.8
17.8
17.8
17.8
17.72
17.64
17.64
17.64
17.64
17.64
17.62
17.62
17.62
17.6
17.58
17.58
17.58
17.58
17.58
17.54
17.54
17.38
17.38
17.38
17.38
17.38
17.38
17.38
17.34
17.34
17.26
17.12
17.12
17.12
17.12
17.12
17.12
17.12
17.12
17.12
17.12
17.12
17.12
17.12
17.12
17.12
17.12
17.12
17.02
17.02
16.96
16.96
16.96
16.96
16.96
16.92
16.92
16.92
16.92
16.92
16.92
16.92
16.92
16.92
16.92
16.88
16.88
16.86
16.86
16.86
16.86
16.86
16.86
16.86
16.8
16.8
16.8
16.8
16.72
16.72
16.72
16.72
16.72
16.72
16.72
16.72
16.66
16.66
16.66
16.66
16.66
16.66
16.66
16.62
16.6
16.6
16.56
16.36
16.36
16.34
16.34
16.34
16.34
16.34
16.34
16.34
16.34
16.28
16.28
16.28
16.28
16.26
16.26
16.26
16.26
16.26
16.26
16.2
16.2
16.14
16.14
16.14
16.14
16.14
16.14
16.14
16.04
16.04
16.02
16.02
16.02
16.02
16.02
15.94
15.94
15.94
15.94
15.94
15.94
15.94
15.94
15.94
15.94
15.94
15.94
15.94
15.94
15.86
15.84
15.74
15.74
15.74
15.74
15.74
15.74
15.74
15.74
15.72
15.72
15.72
15.58
15.58
15.58
15.58
15.58
15.58
15.58
15.58
15.58
15.58
15.52
15.52
15.52
15.48
15.46
15.46
15.46
15.4
15.36
15.36
15.36
15.36
15.36
15.36
15.36
15.36
15.36
15.34
15.3
15.3
15.3
15.3
15.3
15.28
15.26
15.26
15.24
15.24
15.24
15.24
15.24
15.16
15.12
15.12
15.12
15.12
15.12
15.12
15.06
15.06
15.06
15.06
15.06
14.96
14.96
14.94
14.94
14.92
14.9
14.9
14.9
14.88
14.88
14.8
14.7
14.7
14.7
14.7
14.7
14.7
14.7
14.7
14.7
14.7
14.7
14.7
14.7
14.62
14.62
14.62
14.58
14.58
14.58
14.58
14.54
14.54
14.54
14.52
14.52
14.52
14.5
14.5
14.5
14.5
14.5
14.5
14.5
14.3
14.28
14.22
14.22
14.22
14.22
14.22
14.22
14.22
14.22
14.22
14.22
14.22
14.14
14.14
14.14
14.14
13.92
13.92
13.92
13.9
13.9
13.9
13.9
13.86
13.86
13.76
13.76
13.76
13.76
13.76
13.76
13.76
13.76
13.76
13.74
13.54
13.54
13.54
13.54
13.54
13.54
13.54
13.52
13.5
13.48
13.48
13.48
13.48
13.46
13.44
13.36
13.36
13.34
13.26
13.26
13.22
13.22
13.22
13.18
13.14
13.14
13.14
13.14
13.14
12.98
12.98
12.94
12.94
12.9
12.9
12.88
12.88
12.84
12.78
12.78
12.78
12.78
12.78
12.78
12.76
12.76
12.76
12.74
12.72
12.72
12.72
12.72
12.72
12.72
12.72
12.72
12.68
12.68
12.68
12.68
12.68
12.68
12.66
12.66
12.66
12.66
12.66
12.64
12.64
12.64
12.64
12.64
12.64
12.64
12.6
12.6
12.6
12.6
12.6
12.6
12.6
12.56
12.56
12.56
12.56
12.44
12.44
12.44
12.44
12.44
12.44
12.44
12.4
12.4
12.4
12.4
12.4
12.4
12.4
12.4
12.4
12.4
12.4
12.4
12.4
12.36
12.36
12.36
12.28
12.26
12.26
12.2
12.18
12.18
12.18
12.18
12.18
12.12
12.12
12.12
12.12
12.12
12.12
12.12
12.12
12.12
12.06
12.06
12.06
12.06
12.06
12
12
12
11.92
11.92
11.88
11.88
11.88
11.88
11.86
11.86
11.84
11.84
11.8
11.8
11.8
11.8
11.8
11.8
11.8
11.8
11.8
11.8
11.8
11.8
11.72
11.72
11.72
11.7
11.7
11.7
11.66
11.66
11.66
11.66
11.66
11.62
11.62
11.62
11.62
11.54
11.54
11.52
11.52
11.52
11.52
11.52
11.52
11.52
11.52
11.46
11.46
11.46
11.46
11.46
11.46
11.46
11.46
11.38
11.38
11.38
11.38
11.38
11.38
11.38
11.38
11.38
11.38
11.38
11.36
11.34
11.34
11.34
11.34
11.34
11.34
11.34
11.34
11.34
11.34
11.22
11.2
11.18
11.18
11.18
11.16
11.16
11.16
11.16
11.16
11.14
11.14
11.12
11.12
11.1
11.1
11.1
11.1
11.1
11.1
11.1
11.1
11.1
11.1
11.1
11.1
11.1
11.08
11.08
11.08
11.08
11.08
11.04
11.04
11.04
11
11
10.98
10.98
10.98
10.98
10.98
10.98
10.98
10.98
10.96
10.92
10.88
10.88
10.88
10.88
10.88
10.88
10.86
10.86
10.84
10.84
10.82
10.82
10.82
10.82
10.82
10.82
10.8
10.68
10.68
10.68
10.68
10.68
10.68
10.64
10.64
10.64
10.6
10.6
10.6
10.54
10.54
10.54
10.54
10.54
10.54
10.54
10.54
10.48
10.46
10.46
10.42
10.42
10.42
10.42
10.4
10.4
10.4
10.34
10.3
10.3
10.3
10.3
10.3
10.3
10.3
10.3
10.3
10.3
10.28
10.28
10.28
10.28
10.28
10.28
10.28
10.28
10.28
10.26
10.26
10.22
10.22
10.2
10.18
10.18
10.18
10.18
10.18
10.14
10.14
10.14
10.12
10.12
10.12
10.12
10.12
10.1
10.1
10.1
10.1
10.08
10.06
10.06
10.06
10.06
10.06
10.04
10.04
10.02
10
10
10
10
10
10
10
10
10
10
9.88
9.88
9.88
9.88
9.88
9.88
9.88
9.88
9.86
9.86
9.86
9.84
9.84
9.82
9.82
9.82
9.82
9.82
9.82
9.82
9.82
9.82
9.82
9.82
9.82
9.76
9.76
9.76
9.72
9.68
9.68
9.68
9.68
9.68
9.68
9.62
9.52
9.5
9.46
9.42
9.42
9.42
9.42
9.42
9.42
9.36
9.32
9.32
9.3
9.3
9.3
9.3
9.3
9.24
9.24
9.24
9.24
9.24
9.24
9.24
9.24
9.24
9.24
9.24
9.18
9.18
9.18
9.18
9.18
9.18
9.18
9.18
9.18
9.18
9.18
9.16
9.16
9.12
9.12
9.12
9.1
9.1
9.1
9.1
9.1
9.1
9.1
9.1
9.1
9.1
9.1
9.04
9.02
9.02
9.02
9.02
9.02
9.02
9.02
9.02
8.98
8.98
8.98
8.98
8.98
8.98
8.96
8.96
8.96
8.96
8.96
8.96
8.96
8.94
8.94
8.94
8.94
8.94
8.9
8.9
8.9
8.9
8.9
8.9
8.9
8.9
8.9
8.9
8.9
8.9
8.88
8.86
8.86
8.86
8.84
8.78
8.78
8.78
8.78
8.78
8.78
8.78
8.78
8.78
8.76
8.76
8.72
8.72
8.72
8.7
8.7
8.7
8.7
8.7
8.7
8.68
8.66
8.66
8.66
8.66
8.58
8.58
8.58
8.56
8.54
8.52
8.52
8.52
8.52
8.52
8.52
8.52
8.52
8.48
8.48
8.48
8.48
8.48
8.48
8.48
8.46
8.44
8.44
8.44
8.44
8.44
8.44
8.44
8.44
8.44
8.38
8.38
8.32
8.32
8.32
8.32
8.32
8.32
8.32
8.32
8.32
8.32
8.26
8.26
8.26
8.26
8.26
8.18
8.18
8.16
8.16
8.16
8.16
8.16
8.16
8.16
8.16
8.14
8.1
8.1
8.1
8.02
8.02
8.02
8.02
8.02
8.02
8.02
8.02
8.02
8.02
8.02
8.02
8.02
8.02
8
8
7.96
7.96
7.96
7.96
7.96
7.96
7.92
7.92
7.92
7.92
7.92
7.92
7.92
7.84
7.84
7.84
7.8
7.8
7.8
7.8
7.8
7.8
7.8
7.8
7.8
7.8
7.8
7.8
7.8
7.8
7.8
7.8
7.8
7.8
7.8
7.8
7.8
7.8
7.8
7.8
7.8
7.8
7.76
7.76
7.76
7.76
7.76
7.76
7.74
7.74
7.72
7.72
7.72
7.72
7.72
7.72
7.72
7.72
7.72
7.72
7.72
7.68
7.68
7.68
7.68
7.68
7.68
7.68
7.68
7.66
7.66
7.66
7.66
7.66
7.66
7.66
7.66
7.66
7.66
7.66
7.66
7.66
7.66
7.66
7.66
7.66
7.66
7.66
7.66
7.66
7.64
7.64
7.64
7.64
7.64
7.64
7.58
7.58
7.58
7.58
7.58
7.56
7.5
7.5
7.5
7.5
7.5
7.5
7.5
7.5
7.48
7.46
7.46
7.46
7.46
7.46
7.4
7.38
7.38
7.38
7.38
7.36
7.36
7.36
7.36
7.26
7.26
7.26
7.26
7.26
7.26
7.24
7.24
7.24
7.24
7.24
7.24
7.24
7.24
7.24
7.24
7.24
7.24
7.24
7.24
7.2
7.2
7.2
7.2
7.16
7.16
7.16
7.12
7.12
7.12
7.12
7.12
7.12
7.12
7.1
7.1
7.1
7.1
7.1
7.1
7.1
7.1
7.1
7.1
7.1
7.08
7.06
7.06
7.06
7.06
7.06
7.06
7.06
7.06
7.04
7.04
7.04
7.02
7.02
7.02
7.02
7.02
7.02
7.02
7.02
7.02
6.96
6.92
6.92
6.92
6.92
6.92
6.92
6.92
6.92
6.9
6.9
6.9
6.9
6.9
6.88
6.88
6.88
6.88
6.88
6.88
6.86
6.86
6.86
6.84
6.84
6.84
6.84
6.84
6.84
6.84
6.84
6.84
6.84
6.82
6.82
6.82
6.82
6.82
6.82
6.82
6.82
6.82
6.78
6.78
6.78
6.76
6.76
6.76
6.72
6.7
6.68
6.68
6.68
6.68
6.68
6.68
6.68
6.68
6.68
6.68
6.68
6.68
6.68
6.68
6.68
6.68
6.68
6.66
6.66
6.66
6.66
6.66
6.66
6.66
6.66
6.66
6.66
6.66
6.66
6.66
6.66
6.66
6.66
6.64
6.64
6.64
6.64
6.62
6.62
6.62
6.6
6.6
6.6
6.6
6.6
6.6
6.6
6.6
6.6
6.6
6.6
6.6
6.6
6.6
6.6
6.6
6.6
6.6
6.58
6.54
6.54
6.54
6.52
6.52
6.52
6.46
6.46
6.42
6.42
6.42
6.42
6.42
6.42
6.4
6.4
6.4
6.4
6.4
6.4
6.4
6.4
6.4
6.4
6.4
6.4
6.38
6.32
6.32
6.32
6.32
6.32
6.32
6.32
6.32
6.32
6.32
6.32
6.32
6.32
6.32
6.32
6.32
6.32
6.32
6.32
6.32
6.32
6.32
6.32
6.32
6.32
6.3
6.3
6.28
6.28
6.28
6.26
6.26
6.26
6.26
6.26
6.26
6.26
6.24
6.22
6.22
6.22
6.22
6.22
6.22
6.18
6.18
6.18
6.18
6.16
6.16
6.16
6.16
6.16
6.16
6.16
6.16
6.14
6.14
6.14
6.14
6.08
6.08
6.08
6.08
6.08
6.06
6.06
6.06
6.06
6.06
6.06
6.04
6.04
6.04
6.04
6.04
6.04
6.02
6
6
6
6
6
5.94
5.94
5.94
5.94
5.94
5.94
5.94
5.94
5.94
5.94
5.9
5.9
5.9
5.88
5.82
5.82
5.82
5.82
5.82
5.82
5.8
5.74
5.72
5.72
5.72
5.7
5.7
5.7
5.68
5.68
5.68
5.68
5.68
5.68
5.68
5.66
5.66
5.66
5.66
5.66
5.66
5.66
5.66
5.66
5.64
5.64
5.64
5.64
5.64
5.64
5.64
5.64
5.64
5.64
5.64
5.64
5.64
5.64
5.64
5.64
5.64
5.6
5.6
5.6
5.6
5.6
5.6
5.6
5.6
5.6
5.6
5.6
5.54
5.54
5.54
5.5
5.46
5.46
5.46
5.46
5.46
5.46
5.46
5.46
5.46
5.46
5.44
5.44
5.44
5.44
5.44
5.42
5.42
5.42
5.42
5.42
5.42
5.42
5.42
5.38
5.38
5.38
5.38
5.38
5.38
5.38
5.38
5.38
5.38
5.38
5.38
5.38
5.38
5.34
5.32
5.32
5.32
5.32
5.32
5.32
5.32
5.32
5.32
5.32
5.28
5.28
5.28
5.28
5.28
5.28
5.28
5.28
5.28
5.28
5.28
5.28
5.28
5.28
5.28
5.28
5.28
5.28
5.28
5.24
5.24
5.24
5.24
5.24
5.24
5.24
5.24
5.14
5.14
5.14
5.14
5.08
5.08
5.08
5.08
5.06
5.06
5.06
5.06
5.06
5.06
5.02
5.02
5
5
5
5
4.96
4.96
4.96
4.96
4.96
4.96
4.96
4.96
4.94
4.94
4.94
4.94
4.94
4.92
4.92
4.92
4.92
4.86
4.86
4.86
4.86
4.86
4.86
4.86
4.86
4.86
4.86
4.86
4.86
4.86
4.84
4.84
4.84
4.82
4.82
4.82
4.82
4.82
4.82
4.82
4.82
4.82
4.82
4.82
4.82
4.82
4.8
4.8
4.8
4.8
4.8
4.8
4.8
4.8
4.8
4.8
4.8
4.8
4.8
4.8
4.8
4.8
4.8
4.8
4.8
4.8
4.76
4.76
4.76
4.76
4.76
4.76
4.76
4.72
4.72
4.72
4.72
4.72
4.72
4.72
4.72
4.72
4.72
4.72
4.72
4.72
4.72
4.72
4.72
4.72
4.72
4.7
4.7
4.7
4.7
4.7
4.68
4.68
4.66
4.66
4.64
4.64
4.64
4.62
4.62
4.62
4.62
4.62
4.62
4.62
4.6
4.6
4.6
4.58
4.56
4.56
4.56
4.56
4.56
4.56
4.56
4.56
4.56
4.54
4.54
4.54
4.52
4.52
4.52
4.52
4.52
4.52
4.52
4.52
4.48
4.46
4.46
4.4
4.4
4.4
4.4
4.4
4.4
4.4
4.4
4.4
4.4
4.4
4.4
4.4
4.4
4.4
4.4
4.4
4.4
4.4
4.4
4.4
4.4
4.38
4.32
4.32
4.32
4.32
4.32
4.32
4.32
4.32
4.32
4.32
4.3
4.3
4.3
4.3
4.3
4.3
4.3
4.3
4.3
4.3
4.3
4.3
4.3
4.3
4.3
4.28
4.28
4.28
4.28
4.28
4.26
4.26
4.26
4.26
4.26
4.24
4.24
4.24
4.22
4.22
4.22
4.22
4.16
4.16
4.16
4.16
4.16
4.16
4.16
4.16
4.16
4.16
4.16
4.16
4.12
4.12
4.12
4.12
4.1
4.1
4.1
4.08
4.08
4.06
4.06
4.06
4.02
4.02
4.02
4.02
4.02
4.02
4.02
4.02
4
4
4
4
4
4
4
4
4
3.98
3.98
3.98
3.94
3.94
3.94
3.94
3.94
3.94
3.94
3.94
3.94
3.94
3.94
3.94
3.94
3.94
3.94
3.94
3.94
3.94
3.94
3.94
3.92
3.92
3.9
3.88
3.88
3.88
3.88
3.88
3.88
3.88
3.88
3.88
3.88
3.88
3.88
3.88
3.88
3.88
3.84
3.82
3.82
3.82
3.82
3.82
3.8
3.8
3.8
3.78
3.78
3.78
3.78
3.78
3.78
3.78
3.78
3.78
3.76
3.76
3.76
3.76
3.76
3.74
3.74
3.74
3.74
3.74
3.74
3.74
3.74
3.74
3.7
3.7
3.7
3.68
3.68
3.66
3.66
3.66
3.64
3.64
3.64
3.62
3.62
3.62
3.6
3.6
3.6
3.6
3.58
3.58
3.56
3.56
3.56
3.56
3.56
3.56
3.56
3.56
3.56
3.56
3.56
3.56
3.56
3.56
3.56
3.56
3.56
3.56
3.56
3.56
3.56
3.56
3.56
3.56
3.56
3.56
3.56
3.56
3.56
3.56
3.56
3.56
3.54
3.54
3.54
3.54
3.54
3.54
3.54
3.5
3.5
3.48
3.46
3.44
3.44
3.44
3.42
3.42
3.42
3.4
3.4
3.4
3.38
3.38
3.38
3.38
3.38
3.38
3.38
3.38
3.38
3.38
3.38
3.38
3.38
3.38
3.38
3.38
3.34
3.34
3.34
3.34
3.34
3.34
3.34
3.34
3.34
3.34
3.34
3.34
3.34
3.34
3.34
3.32
3.32
3.3
3.3
3.26
3.26
3.26
3.26
3.26
3.26
3.26
3.26
3.26
3.26
3.26
3.26
3.26
3.26
3.26
3.22
3.22
3.22
3.22
3.22
3.22
3.22
3.16
3.16
3.16
3.16
3.14
3.14
3.14
3.14
3.14
3.14
3.14
3.12
3.12
3.12
3.12
3.12
3.08
3.08
3.08
3.08
3.08
3.08
3.08
3.08
3.08
3.08
3.08
3.08
3.08
3.08
3.08
3.06
3.06
3.06
3.06
3.06
3.06
3.06
3.06
3.04
3.02
3.02
3.02
3.02
3.02
3.02
2.94
2.94
2.94
2.94
2.94
2.94
2.94
2.94
2.94
2.94
2.94
2.94
2.94
2.92
2.92
2.92
2.92
2.92
2.92
2.92
2.92
2.92
2.92
2.9
2.9
2.9
2.9
2.86
2.86
2.86
2.86
2.84
2.84
2.84
2.84
2.84
2.84
2.82
2.82
2.82
2.82
2.82
2.82
2.8
2.8
2.8
2.8
2.78
2.78
2.78
2.78
2.74
2.74
2.74
2.72
2.62
2.62
2.62
2.62
2.6
2.6
2.6
2.6
2.6
2.6
2.6
2.6
2.6
2.6
2.6
2.6
2.6
2.6
2.6
2.6
2.6
2.6
2.6
2.6
2.6
2.6
2.6
2.6
2.6
2.58
2.58
2.56
2.56
2.56
2.56
2.56
2.54
2.52
2.52
2.52
2.52
2.52
2.52
2.52
2.52
2.52
2.52
2.5
2.5
2.46
2.46
2.46
2.46
2.46
2.46
2.46
2.44
2.44
2.44
2.44
2.44
2.44
2.44
2.42
2.42
2.42
2.42
2.42
2.42
2.42
2.42
2.42
2.42
2.42
2.38
2.38
2.38
2.38
2.38
2.38
2.38
2.38
2.36
2.34
2.34
2.34
2.34
2.34
2.34
2.34
2.34
2.34
2.34
2.34
2.34
2.34
2.34
2.34
2.34
2.34
2.34
2.34
2.34
2.34
2.32
2.32
2.32
2.32
2.3
2.28
2.28
2.28
2.28
2.28
2.28
2.28
2.26
2.26
2.22
2.22
2.22
2.22
2.22
2.22
2.22
2.22
2.22
2.22
2.22
2.22
2.2
2.2
2.2
2.18
2.18
2.18
2.18
2.18
2.18
2.18
2.18
2.18
2.16
2.16
2.16
2.16
2.16
2.16
2.16
2.16
2.16
2.12
2.12
2.12
2.12
2.12
2.12
2.12
2.1
2.1
2.1
2.1
2.1
2.1
2.1
2.1
2.1
2.08
2.06
2.06
2.06
2.06
2.06
2.04
2.04
2.04
2.04
2.04
2.04
2.04
2.04
2.04
2.04
2.04
2.04
2.04
2.04
2.04
2.04
2.02
2.02
2.02
2.02
2.02
2.02
2.02
2.02
2.02
2.02
2
2
2
2
2
2
2
2
2
2
2
1.94
1.94
1.94
1.94
1.94
1.92
1.92
1.92
1.92
1.92
1.92
1.92
1.9
1.9
1.9
1.9
1.9
1.9
1.9
1.9
1.9
1.9
1.9
1.9
1.9
1.9
1.9
1.9
1.9
1.88
1.88
1.88
1.88
1.88
1.88
1.88
1.88
1.88
1.88
1.88
1.88
1.88
1.88
1.88
1.88
1.88
1.88
1.88
1.88
1.88
1.88
1.88
1.88
1.88
1.88
1.84
1.84
1.84
1.84
